wavelength,Back_RamCarm,Belly_RamCarm,Breast_RamCarm,Crissum_RamCarm,Crown_RamCarm,DorTail_RamCarm,Rump_RamCarm,Throat_RamCarm,WingTip_RamCarm
178.40,0.0,0.0,0.0,0.0,0.0,0.0,0.0,0.0,0.0
178.78,171.666666667,148.333333333,208.333333333,224.166666667,186.666666667,216.666666667,185.833333333,183.333333333,227.5
179.16,108.333333333,86.6666666666,119.166666667,126.666666667,115.416666667,117.5,123.75,101.25,123.333333333
179.54,101.666666667,51.6666666666,171.666666667,195.0,130.0,166.666666667,158.333333333,130.0,171.666666667
179.93,48.5716,1.90480000001,73.3333333333,116.1904,81.9047333332,102.857066667,91.4286000001,55.2382000001,98.0951333334
180.31,310.115,205.287266667,331.264266667,361.839133333,299.310333333,341.3792,337.011466667,258.620733333,364.827533333
180.69,359.753,222.469133333,400.0,411.111066666,344.6914,382.222266667,382.2222,293.827066667,421.481533333
181.07,1211.4286,646.666666667,1336.19046667,1315.238,1098.0954,1244.76186667,1239.0476,939.047733333,1365.7144
181.45,-769.333333333,-380.0,-829.333333333,-786.666666667,-643.333333333,-758.666666667,-756.000000001,-557.333333333,-832.0
181.83,-1225.7142,-623.809466667,-1229.52373333,-1187.61906667,-979.047399999,-1141.90473333,-1175.2382,-859.999933333,-1255.23806667
182.21,-1078.51846667,-623.703666667,-1073.33333333,-1029.62973333,-850.3704,-960.000000001,-1013.33333333,-781.481466667,-1080.74073333
182.59,-1849.99993333,-1204.44446667,-1904.44433333,-1798.88886667,-1481.11113333,-1673.33333333,-1786.6668,-1386.66673333,-1831.11106667
182.97,-1033.33333333,-694.0,-1113.33333333,-1034.66666667,-854.0,-978.666666666,-1021.33333333,-804.0,-1029.33333333
183.35,-5213.33333333,-3526.66666667,-5553.33333333,-5263.33333333,-4596.66666667,-4963.33333333,-5346.66666667,-4266.66666667,-5163.33333333
183.73,1490.0,1020.83333333,1602.5,1460.0,1282.5,1401.66666667,1457.5,1236.66666667,1420.83333334
184.11,2072.22233333,1396.6666,2206.66673333,1969.99993333,1697.77773333,1940.00006667,2057.77773333,1712.22226667,1911.11113333
184.49,3968.8888,2702.22233333,4242.22233333,3817.77773333,3306.66666667,3793.3332,3928.889,3388.889,3666.66666667
184.87,3837.7778,2740.00006667,4011.111,3751.11113333,3206.6668,3895.55553333,3951.1112,3404.4444,3620.0
185.25,374.666733333,295.619,392.190533333,378.095266667,332.571466667,385.904733333,405.3334,347.809666667,370.285666666
185.63,257.254933334,206.928133333,271.633933334,269.150333333,235.555533333,269.542533333,283.790733333,246.2744,257.2548
186.01,228.333266667,188.809466667,243.333266667,240.119,212.2618,238.5714,255.238066667,223.571266667,227.976133333
186.39,215.480266667,178.305066667,227.796466667,222.711933333,201.694933333,226.5536,240.677933333,214.9152,208.361733333
186.77,172.270666667,143.574866666,185.700666667,179.999866667,165.7004,182.898466667,197.2946,183.478333333,172.753533333
187.15,172.7928,144.2342,181.891733333,174.144066667,168.018,181.171133333,198.8288,185.765666667,175.765666667
187.53,182.723133333,152.018666667,193.239466667,183.004666667,171.830933333,188.075066667,208.732466667,192.582133333,182.347333333
187.91,156.962066667,134.092866667,167.3418,158.9874,150.295466667,165.063333333,186.5824,170.210933333,158.143266667
188.29,127.025133333,108.9606,136.774266667,132.544866667,125.0896,137.562733333,153.5484,141.362133333,133.9784
188.67,116.246133333,103.171466667,131.003266667,124.919066667,118.770333333,127.7672,144.595466667,131.326866667,123.689266667
189.05,111.1728,99.5679333331,128.8272,118.5802,111.234533333,120.5554,137.654266667,127.098733333,117.222133333
189.43,120.8238,104.419466667,140.9738,126.8914,117.003733333,128.539333333,149.737666667,135.1312,125.243333333
189.81,129.382733333,107.160533333,151.851866667,130.9464,124.1974,131.440266667,159.3416,139.2592,130.288
190.19,134.599066666,112.405,159.915666667,133.755333333,130.210866667,142.447266667,166.497933333,146.835466667,137.890333333
190.57,113.183533333,98.9513333333,135.3558,114.0074,109.962666667,122.5468,142.996266667,126.367133333,120.224666667
190.95,124.700933333,109.658133333,146.666666667,121.111066667,120.0854,131.965666666,151.623866667,132.649666667,128.718133333
191.33,111.645533333,102.447333333,130.0422,107.3418,104.894533333,117.383933333,130.886133333,113.080066667,115.443
191.71,108.3982,106.320333333,123.29,103.030266667,100.779133333,115.497933333,126.666666667,112.294333333,117.056333333
192.09,114.8258,117.9104,132.935266667,110.447733333,110.348133333,123.6816,138.209,123.2836,131.343266667
192.47,114.1936,124.731133333,131.720333333,105.161333333,107.4194,121.397733333,138.172066667,128.172066667,129.57
192.85,103.535333333,109.293,111.919266667,89.0909333332,90.6060666667,104.4446,121.212066667,113.535266667,116.262666667
193.23,106.274466667,112.745066667,107.9412,90.0980666667,97.0587333333,105.5882,124.4118,111.960666667,117.8432
193.61,113.881266667,121.826533333,111.780933333,94.3379333335,107.123266667,113.150666667,128.675866667,118.6302,125.113933333
193.99,109.009,125.225266667,107.927866667,92.3424,105.135,114.684666667,127.928,119.3694,126.396466667
194.37,97.4222666666,119.0222,96.9777333334,83.8222,96.5333333335,102.844466667,116.3556,107.111066667,114.488866666
194.75,108.2586,126.865666667,104.179133333,83.7811333334,104.875666667,109.0548,125.6716,114.626933333,123.2836
195.13,87.0130666667,105.368133333,85.3678666667,65.1948,85.2813333333,86.1472,105.0216,95.1515333335,100.432866667
195.51,73.3334000001,89.386,73.4210000001,53.8596666667,75.0000000001,73.5087999999,96.0525333333,89.3860000001,82.9824
195.89,59.0351333334,73.8596,64.6490666668,40.5263333333,63.3332666666,61.1402666666,83.9472666666,78.3334666667,64.9123333333
196.27,52.4075333334,67.5926,62.0370666667,31.1110666666,54.8148,56.8518666667,78.7963333334,73.1481333333,58.2407333333
196.65,50.8434000001,62.6505333333,57.4297999999,25.7029333333,51.9679333333,50.2007333333,70.4418666667,63.9356666667,53.494
197.03,48.4389333333,63.9663333333,55.2743333333,15.7805333333,48.3544666667,49.3670000001,65.9072000001,62.7003333333,49.8734
197.40,38.3123333333,57.8902666667,44.8101333333,7.93253333332,37.8902666667,40.9283333332,56.5401333333,56.4556666666,39.1561333333
197.78,22.3111333333,48.5333333333,34.4889333333,-3.91113333334,27.9110666667,30.8444666667,45.4221999999,49.8666666667,23.0222666667
198.16,17.6812,49.2753333333,31.111,-10.5314,23.3816666667,32.0771999999,42.2221333333,53.0434666667,20.0000666667
198.54,2.54553333333,44.7271999999,26.4243333333,-31.2728,6.06059999999,21.4546000001,34.0605999999,47.6362666667,5.33326666667
198.92,-28.5714666667,34.9204666666,13.1747333333,-64.2857333333,-14.762,-2.0635333334,13.9682,34.2857333333,-20.0
199.30,-22.2763999999,43.2521333333,22.2765333333,-53.9837333333,-7.80486666666,9.75613333326,13.3331999999,39.1870666667,-13.1707333333
199.68,-10.7801333333,47.9432666667,42.8368666667,-37.3048666667,0.425600000026,15.1774,20.8510666667,46.5247333333,1.98586666666
200.06,-49.8988666666,40.6059333333,27.0707999999,-77.9797333333,-29.4949999999,-13.1313333335,-5.05046666666,41.4141999999,-27.4747333333
200.44,-59.5958666667,33.9393333333,6.06073333332,-82.4243333334,-34.7475333333,-23.4343333333,-11.9192000002,40.2020666667,-44.6464666667
200.82,-82.6668000001,25.7778666667,-12.6667999999,-86.4443999999,-54.4445333334,-32.8890000001,-18.4444666666,49.3334000001,-66.2222666667
201.19,-97.3332666667,-7.77780000001,-44.6665999999,-99.7777999999,-75.5555333334,-55.3333999999,-37.1112000001,32.8888,-89.3332666665
201.57,-144.166733333,-41.9444666667,-78.8888666666,-149.722266667,-111.944466667,-95.5555333333,-85.5555333333,24.7222666666,-137.2222
201.95,-146.206933333,-66.4367333333,-90.8045333335,-150.344733333,-125.977,-109.1954,-101.379333333,-7.12646666654,-137.0114
202.33,-108.421066667,-56.4912,-64.7367333335,-116.3156,-98.9473999999,-89.4738000001,-82.8070666666,4.21060000006,-107.719333333
202.71,-97.1928666668,-57.0176,-68.0700666667,-105.6142,-86.4910666665,-82.4561333334,-75.2628666668,18.0702,-98.5965333334
203.09,-98.6666666668,-57.9999999999,-74.1666666665,-96.8333333334,-91.8333333335,-78.1666666668,-69.5000000001,19.1666666667,-97.3333333333
203.47,-142.162266667,-103.603666667,-121.261266667,-137.477466667,-126.8468,-112.2522,-94.7746000001,-6.8468,-137.297266667
203.85,-313.015933333,-247.3016,-310.7936,-306.0316,-289.841266667,-258.095066667,-235.238066667,-97.7777333334,-309.841333333
204.22,-216.5432,-190.3704,-231.605,-226.913533333,-213.3332,-184.938266667,-165.925933333,-66.6666666667,-217.777933333
204.60,-125.714133333,-119.619066667,-140.1904,-129.5238,-133.333333333,-108.571333333,-98.0953333334,-36.3810000001,-131.619066667
204.98,-143.333266667,-146.888933333,-148.444333333,-143.333333333,-144.888866666,-127.777733333,-117.111066667,-49.7777333334,-149.555533333
205.36,-112.1212,-107.8788,-112.9294,-107.272866667,-107.272666667,-95.1515999999,-85.6566666667,-25.0505333333,-118.181866667
205.74,-118.75,-114.791666667,-122.5,-109.166666667,-114.375,-102.291666667,-87.7083333333,-31.4583333333,-129.166666667
206.12,-124.762066667,-128.5714,-143.571466667,-116.666666666,-135.9524,-119.047533333,-87.8571333333,-28.0952,-139.5238
206.50,-91.0476666666,-86.8570666666,-95.8094666666,-65.3334,-88.3809999999,-81.9048666668,-52.5714666667,-19.6191333333,-97.5237333334
206.87,-76.8253333333,-59.8413333333,-67.9365333333,-49.3651333333,-68.5714,-64.4445999999,-35.397,-10.4762,-74.9205999999
207.25,-33.6840666667,-23.3919333333,-27.4855333333,-23.0409333333,-35.5555333333,-28.655,-6.78360000001,10.6432,-35.9064
207.63,-41.4544666667,-26.1818666667,-31.7574666667,-35.7576666667,-52.0001333333,-38.0606,-21.8181333333,8.48486666665,-42.0606
208.01,-24.3715333333,-10.8196666667,-14.6446666667,-18.907,-36.2840666667,-19.5628,-9.07106666667,27.2131333333,-31.8032
208.39,-27.7595333333,-11.1476,-15.6284,-22.7322666667,-40.8742666667,-21.7487333333,-11.4754,26.5573333333,-37.2676666667
208.77,-62.8204,-30.2563333333,-43.9742666667,-53.4616666667,-70.2563999999,-48.9744000001,-37.564,14.8717333333,-65.8974666666
209.14,-85.0341333335,-41.0884,-66.2584666666,-72.7891333333,-98.2312000001,-65.5782,-59.1836000001,-5.5782,-88.4355333333
209.52,-176.9696,-101.818266667,-133.5354,-155.353466667,-192.5252,-137.7778,-135.757466667,-56.5656666668,-175.1514
209.90,-212.083333333,-122.291666667,-163.333333333,-184.583333333,-220.833333333,-161.458333333,-165.208333333,-81.0416666667,-190.416666667
210.28,-215.619,-123.238,-163.0476,-181.7142,-206.857133333,-152.381,-170.0952,-91.4286666667,-184.762
210.66,-5100.0,-3486.66666667,-4333.33333333,-4830.0,-5066.66666667,-3983.33333333,-4356.66666667,-2886.66666667,-4466.66666667
211.03,946.666600001,729.444466667,868.888933335,942.222266667,963.333466665,792.222133334,856.111000001,581.111066667,853.888866667
211.41,730.416666667,604.166666667,706.666666667,725.416666667,745.0,620.416666667,691.25,475.0,677.083333333
211.79,489.565133333,411.8842,475.3624,472.173933333,498.550733333,414.492733333,452.174066667,327.536133333,469.855066667
212.17,429.047733333,363.809533333,408.571533333,399.285666667,428.333266666,373.333333333,395.238133333,298.5714,395.952466667
212.55,404.946333333,352.473133333,395.4838,368.8172,397.849533333,352.9032,384.946266667,288.6022,380.0
212.92,795.555666667,731.111133333,803.555600001,772.0,820.4444,738.222266667,784.444266667,578.666666667,785.777733333
213.30,1458.33333333,1426.66666667,1471.66666667,1430.0,1502.5,1409.16666667,1455.0,1062.5,1479.16666667
213.68,2153.33333333,2193.33333333,2272.0,2081.33333333,2200.0,2193.33333333,2196.0,1576.0,2232.0
214.06,488.181733333,533.6364,526.3636,499.090866667,529.999933333,529.697,506.060733333,379.697,536.060666667
214.44,296.937,322.882866667,318.918933333,302.162133334,323.963866667,339.8198,312.7928,239.459533333,329.189333333
214.81,559.999933333,626.666666667,613.725466667,576.0784,616.862666667,669.4118,609.803933333,441.176466667,647.451
215.19,8439.99999999,9560.0,9013.33333333,8593.33333334,9233.33333334,10166.6666667,9660.0,6766.66666667,10046.6666667
215.57,5.33949501275e+15,5.85979724243e+15,5.30111206138e+15,5.48023250111e+15,5.66788248558e+15,6.20950857713e+15,5.95362223467e+15,4.09418147943e+15,6.18818471526e+15
215.95,-1840.0,-2073.33333333,-1856.66666667,-1958.33333333,-1958.33333333,-2236.66666667,-2180.0,-1380.0,-2161.66666666
216.32,-1077.7778,-1151.11106667,-1074.4444,-1225.55553333,-1092.22213333,-1298.88886666,-1305.55553333,-775.555533334,-1284.4444
216.70,-259.333333333,-272.333333333,-243.333333333,-311.666666667,-246.0,-315.333333333,-308.333333333,-172.666666667,-305.333333334
217.08,-604.0,-583.333333333,-528.666666667,-615.333333333,-469.333333333,-650.666666667,-675.333333333,-391.333333334,-636.0
217.46,-552.121266667,-497.575733333,-504.848466667,-566.060666667,-400.0,-562.424266667,-589.696933333,-346.6666,-541.818333333
217.83,-261.5874,-210.793533333,-235.555466667,-275.873,-185.714266667,-260.952466667,-270.476266667,-140.317466667,-245.714333333
218.21,-83.7038,-52.5925999999,-63.4074000001,-84.2963333333,-38.5184666667,-76.5925333334,-89.3333999999,-31.4075333333,-73.7777333333
218.59,-50.3953333334,-34.2372,-34.0112666667,-57.5140666667,-18.983,-40.5648666667,-61.469,-14.5762666667,-51.6385333333
218.97,-50.3334000001,-27.5555333333,-29.1111333333,-49.2222,-14.5556666667,-34.1111333333,-55.1110666667,-13.5556666667,-50.0
219.34,-59.0124,-32.0988,-32.716,-50.8641333333,-22.0988,-41.1110666667,-58.8889333333,-17.9012,-61.7284
219.72,-84.0579333335,-47.6811333333,-54.3479333333,-73.6231333333,-42.1737333333,-71.4492666667,-82.0290666666,-38.2608666667,-92.6086
220.10,-88.4616000001,-50.5128666667,-64.359,-81.5384666667,-48.7180666667,-81.5384,-79.6153333333,-51.9228666666,-97.1795999999
220.47,-82.4562000001,-57.5438666667,-66.7836,-76.4912,-53.3333333333,-80.1169333333,-75.3217333333,-53.5672666667,-90.9941333333
220.85,-150.526333333,-104.385866667,-118.772,-139.473533333,-109.1228,-146.6666,-138.245533333,-94.0351333334,-153.684066667
221.23,-314.666666667,-217.666666667,-251.333333333,-313.333333333,-260.0,-305.0,-300.0,-209.333333333,-309.666666667
221.61,-248.1818,-157.575733333,-177.8788,-253.939466667,-203.636333333,-235.454666667,-243.333333333,-164.2424,-246.3636
221.98,-365.490266667,-249.4118,-263.9216,-377.254866667,-304.3138,-325.490066666,-355.294133333,-264.705866667,-359.2156
222.36,-3843.33333333,-2673.33333333,-3010.0,-3860.0,-3226.66666667,-3460.0,-3780.0,-2930.0,-3780.0
222.74,519.607866667,353.7254,414.117533333,498.823533333,435.294066667,457.646933333,475.294066667,404.706066667,495.686333333
223.11,282.795666667,207.527,240.645133333,289.892533333,259.785066667,265.376333333,279.57,247.311933333,287.526933333
223.49,320.987666667,237.037,286.6666,351.111133333,295.308666667,301.4814,320.740933333,286.9136,321.975266666
223.87,273.555666667,207.111266667,239.5556,295.777733333,241.7778,241.111133333,272.000066667,246.222266667,260.222133333
224.24,232.252333333,187.928,201.621733333,247.567666667,209.909933333,200.900866667,234.414533333,207.2072,218.198266667
224.62,276.551666667,213.5632,230.344733333,293.563266667,244.367666667,230.574733333,265.977,241.838933333,254.712666667
225.00,517.3334,409.7778,451.111,556.444466667,452.444533333,445.7778,514.2222,482.666666667,493.7778
225.38,-1294.66666667,-1032.0,-1149.33333333,-1422.66666667,-1142.66666667,-1122.66666667,-1314.66666667,-1216.0,-1261.33333333
225.75,723.703666667,642.222266667,705.926066666,843.703666667,715.555533334,723.703666667,834.074133333,716.2964,748.888866666
226.13,-619.166666666,-571.666666667,-605.0,-729.166666667,-640.0,-675.833333334,-780.0,-636.666666667,-650.833333333
226.51,-78.8888666667,-72.6984,-77.1428666666,-106.031733333,-90.6349333332,-92.2220666667,-107.142933333,-80.7935333334,-82.3809333333
226.88,-18.6007333333,-23.2921333333,-23.539,-41.1522666667,-30.1234666667,-29.3004,-39.8354,-21.1522666667,-23.7860666667
227.26,-3.6176,-5.42626666667,-4.65113333335,-15.1937333333,-6.09819999999,-7.70019999999,-14.7286,0.051666666674,-4.44446666667
227.64,6.66666659999e-05,-1.61226666667,0.174266666686,-8.58393333334,-2.22220000002,0.61006666668,-8.84526666665,4.35733333334,-0.566466666659
228.01,2.16586666667,1.7258,2.09806666667,-4.60233333333,-0.304666666666,2.97793333334,-5.14386666666,6.02373333332,0.812266666668
228.39,9.25766666666,9.23080000001,9.04186666665,3.75173333333,7.77339999999,11.066,2.77986666667,12.8204,8.12400000001
228.76,8.83213333334,7.59133333333,8.15086666667,3.017,6.95866666666,10.1703333333,1.8248,11.5570666667,7.51806666667
229.14,11.3035333333,10.0000666667,10.1922666667,5.83326666667,9.18799999999,13.1838,5.29906666668,13.3546666667,10.3631333333
229.52,13.4678666667,11.4121333333,11.5274,7.31986666666,10.9126,14.3515333333,7.43526666668,14.1018,10.7588666667
229.89,14.1408,12.2165333333,11.9930666667,8.76273333333,12.1478,15.8418666667,10.1375333333,14.8282666667,11.8214666667
230.27,11.8482,10.0495333334,9.85153333333,6.13866666667,9.90106666668,14.1254,8.58100000001,12.3927333333,9.58733333333
230.65,10.9223333333,9.40119999999,8.67306666667,5.92233333334,9.74106666667,14.6924666667,8.28493333333,11.9740666667,8.64073333333
231.02,9.74486666665,8.32533333333,8.10213333333,5.8534,8.43686666666,13.2535333333,7.46393333333,11.1960666667,8.00640000001
231.40,6.9842,4.36093333333,4.7118,3.12453333333,4.1604,10.2924666667,4.74526666667,7.75266666667,5.3968
231.78,6.09520000001,3.98266666667,2.99566666667,2.09513333333,2.83993333333,7.89613333333,3.6364,6.64919999999,4.7446
232.15,4.12246666668,1.57846666667,0.241400000002,0.222866666666,-0.352733333333,5.25533333333,1.46693333333,4.36413333333,2.5998
232.53,0.120533333334,-1.3654,-4.1968,-2.73093333333,-5.0402,2.53013333333,-2.48986666667,1.34533333333,-0.783133333333
232.90,-3.39466666667,-3.88546666667,-8.01633333333,-4.9488,-8.65026666667,-0.470266666667,-5.66446666667,-1.51326666667,-3.865
233.28,-5.94019999999,-6.96573333333,-10.8334666667,-7.64966666667,-12.6709333333,-2.60673333333,-8.05546666666,-4.29473333333,-6.60253333333
233.66,-7.9696,-8.85986666666,-11.9652666667,-8.92493333334,-14.9837333333,-3.06193333333,-8.70800000001,-6.18886666667,-7.18766666667
234.03,-9.97833333333,-9.56706666667,-12.2294666667,-9.54553333331,-15.5412,-3.723,-10.2813333333,-7.2512,-8.37673333333
234.41,-9.28193333333,-7.82426666667,-11.4897333333,-7.88846666666,-14.0407333333,-2.31513333333,-10.1178,-5.91646666667,-6.9882
234.78,-7.37806666667,-6.76833333333,-9.26833333333,-6.19913333334,-12.2358,-2.3374,-9.55279999999,-5.28453333333,-5.20333333334
235.16,-5.21146666666,-4.95573333333,-8.06293333332,-4.32646666667,-10.0886,-0.609733333333,-8.04313333333,-4.7002,-3.99213333333
235.54,-1.73113333333,-0.607733333332,-3.8122,-0.018533333334,-4.80666666667,3.2044,-4.14346666667,-0.478866666664,0.534133333334
235.91,-0.343599999993,0.498333333333,-1.323,1.9586,-2.42253333333,4.87973333333,-2.49126666666,0.927799999999,2.35386666667
236.29,0.894333333333,2.22773333333,0.894333333333,2.748,-0.081333333334,6.27646666667,-1.34966666667,2.47153333333,3.86986666667
236.66,0.947799999999,1.31106666667,1.45333333333,2.259,0.315866666666,5.63973333333,-1.56406666667,1.5482,3.90206666666
237.04,5.65926666667,5.65913333334,6.04446666666,6.23706666667,5.03713333333,10.0594,3.14066666667,5.77766666667,8.35560000001
237.41,5.47573333333,5.35953333333,6.26,6.07106666667,5.73699999999,10.1523333333,3.12266666667,5.66453333334,8.04646666666
237.79,5.75619999999,5.05606666667,5.5042,6.31653333333,6.31660000001,10.4201333333,3.06726666667,6.5546,8.06726666667
238.17,5.39360000001,5.1608,5.05146666667,6.68026666667,6.3518,10.6502,3.38126666667,5.87253333334,7.78926666667
238.54,6.29426666667,5.99873333333,5.78033333334,7.63013333334,6.9364,11.0469333333,4.35453333333,6.19133333334,8.04106666667
238.92,5.0936,4.8564,4.24473333333,6.20466666666,5.593,9.55053333333,3.04626666667,5.19353333333,7.0162
239.29,5.07326666667,5.27239999999,4.90913333333,6.26826666667,5.9988,10.3222,3.45633333333,5.47159999999,7.28766666667
239.67,3.9978,4.44806666667,4.1158,4.90886666667,4.909,9.82840000001,2.59373333333,4.67313333333,6.163
240.04,3.37713333333,3.6692,3.28953333333,4.0,4.21413333333,9.2944,1.927,3.65946666667,5.18733333333
240.42,1.99313333333,2.08006666667,1.1054,2.54133333333,2.463,7.53700000001,0.443866666666,1.66233333333,3.56826666667
240.79,2.42366666667,2.71806666667,0.974000000001,2.9898,2.67273333333,7.40673333333,1.208,2.1518,3.90346666667
241.17,1.37506666667,1.96153333333,0.431333333332,2.30533333333,1.7998,6.75433333333,0.438066666668,1.483,3.28273333334
241.54,1.755,2.70906666667,0.753799999999,2.9094,2.20853333333,7.08486666666,1.13673333333,2.1378,3.7396
241.92,1.342,2.74853333333,0.759933333334,2.65153333333,1.96713333333,6.7906,1.0348,1.73533333333,3.63773333333
242.29,1.34533333333,2.5806,0.705333333333,2.4006,1.6754,6.65666666667,1.1052,1.7804,3.66586666667
242.67,0.382933333332,1.42626666666,-0.210600000001,1.51233333333,0.540866666668,5.8532,0.234533333332,0.8758,2.6706
243.05,0.323133333333,1.14046666667,-0.300066666666,1.38053333333,0.313866666667,5.8494,0.2446,0.6972,2.43773333333
243.42,-0.254400000001,0.858933333335,-0.699933333333,1.00413333333,-0.0772666666667,5.53053333333,-0.1228,0.522666666666,2.17213333333
243.80,-0.409466666667,0.652199999999,-1.0796,0.688200000001,-0.269866666667,5.3172,-0.211466666667,0.161866666667,2.0422
244.17,-0.556266666667,0.463666666667,-1.28033333333,0.741733333333,-0.512266666667,5.1124,-0.172266666667,0.132399999999,2.1368
244.55,0.272799999999,1.24893333333,-0.294066666667,1.62813333333,0.456066666667,5.99313333333,1.01886666667,1.11693333333,2.9326
244.92,0.976666666667,1.84426666667,0.690066666666,2.08233333333,1.15833333333,6.59806666667,1.6504,1.5496,3.6238
245.30,1.35306666667,2.04446666667,0.895799999999,2.29413333333,1.4928,6.69313333333,1.89733333333,1.523,3.81326666667
245.67,1.71333333333,2.34393333333,1.40633333333,2.63373333333,1.758,6.94926666667,1.9786,1.77186666667,4.1262
246.05,1.6442,2.20453333333,1.3402,2.52693333333,1.6658,6.795,1.81313333333,1.48413333333,3.89533333333
246.42,1.49386666667,2.14793333333,1.23106666667,2.39646666666,1.6052,6.5896,1.60806666667,1.27113333333,3.6276
246.79,2.032,2.64946666667,1.795,2.72246666667,2.08933333333,6.91413333333,2.07373333333,1.71953333333,4.10053333333
247.17,2.27466666667,2.928,2.11013333333,2.92566666667,2.2942,7.02966666667,2.35686666667,1.8924,4.23706666667
247.54,2.61366666667,3.1726,2.29213333333,3.07453333333,2.55,7.17993333333,2.5886,2.04573333333,4.40646666667
247.92,2.59066666667,3.25033333334,2.3248,3.0754,2.53526666667,7.07193333333,2.5374,1.99926666667,4.3484
248.29,2.84413333333,3.5596,2.568,3.2094,2.82653333333,7.25593333333,2.73766666667,2.15486666667,4.52926666667
248.67,2.61413333333,3.34533333333,2.39826666667,3.04853333333,2.66673333333,6.96793333333,2.3764,1.97926666667,4.3492
249.04,2.40046666667,3.1834,2.22,2.9306,2.49753333333,6.9194,2.1974,1.83893333333,4.1106
249.42,1.955,2.94186666667,1.91706666667,2.55753333333,2.11613333333,6.6312,1.8292,1.69146666667,3.75566666667
249.79,1.83406666667,2.9168,1.7806,2.3844,2.08633333333,6.46793333333,1.67113333333,1.6024,3.6148
250.17,2.08493333333,3.2742,1.9668,2.62613333333,2.26893333333,6.543,1.78,1.8926,3.7824
250.54,2.26046666667,3.33193333333,2.0374,2.66546666667,2.28973333333,6.4406,1.71146666667,1.99033333333,3.8484
250.92,2.22006666667,3.5654,1.99746666667,2.72166666667,2.50226666667,6.50353333334,1.83126666667,2.13546666667,3.9166
251.29,2.15706666667,3.63926666667,1.79326666667,2.7658,2.59046666667,6.574,1.76353333333,2.2234,4.0596
251.66,1.72966666667,3.2348,1.4398,2.60666666667,2.12673333333,6.1592,1.34646666667,1.82973333333,3.784
252.04,2.2106,3.37186666667,1.6596,3.0702,2.5508,6.54393333333,1.81413333333,2.2,4.27373333333
252.41,1.88213333333,2.92733333333,1.311,2.74773333333,2.2342,6.2966,1.49786666667,2.07986666667,3.9942
252.79,2.50413333333,3.58886666667,1.8276,3.21746666666,2.66966666667,6.9424,2.243,2.53726666667,4.48986666666
253.16,2.50933333333,3.52726666667,1.62926666667,3.15433333333,2.43473333333,6.7262,2.25573333333,2.36393333333,4.48173333333
253.54,3.031,3.904,2.05986666667,3.63953333333,2.68713333333,7.08993333333,2.72866666667,2.59246666667,4.69766666667
253.91,3.05253333333,3.93173333333,2.11893333333,3.69153333333,2.56053333333,7.07346666667,2.93626666667,2.43273333333,4.7568
254.28,3.35106666667,4.3216,2.5272,4.0682,3.00253333333,7.52213333333,3.33133333333,2.8996,5.114
254.66,3.2692,4.56133333333,2.6956,4.289,3.3272,7.73586666667,3.6862,3.2858,5.35806666667
255.03,3.04013333334,4.13026666667,2.3366,3.80473333333,2.85786666667,7.35713333333,3.3398,2.962,4.92086666667
255.41,3.59666666667,4.51046666667,2.81786666667,4.28066666667,3.27706666667,7.79213333333,3.6776,3.33106666667,5.41073333333
255.78,4.4186,5.008,3.47273333333,5.12226666667,4.0622,8.56286666667,4.50986666667,4.19926666666,6.17326666667
256.15,4.8272,5.5364,4.18193333333,5.56386666667,4.388,9.0552,4.58933333333,4.56646666667,6.4378
256.53,5.2054,6.1026,4.5748,5.9914,4.6236,9.26946666666,4.8324,4.80126666667,6.62673333333
256.90,4.74293333333,5.6256,4.13913333333,5.58813333333,4.13486666667,8.97759999999,4.243,4.33053333333,6.23353333333
257.28,4.664,5.50153333333,4.12333333333,5.48646666667,4.306,8.88266666667,4.211,4.447,6.3126
257.65,4.08493333333,4.833,3.53706666667,4.9466,3.8978,8.10286666667,3.65413333333,3.78433333333,5.81506666667
258.02,3.6026,4.21893333333,3.0698,4.38306666667,3.4614,7.55653333333,3.21673333333,3.30013333333,5.31886666667
258.40,3.28386666666,3.80113333333,2.80866666667,3.94946666667,3.12793333333,7.23586666667,3.00906666667,2.75933333333,4.989
258.77,3.6502,4.00686666667,3.18186666667,4.17,3.33646666667,7.64866666667,3.34306666667,2.95393333333,5.19273333333
259.15,3.4532,3.833,2.9948,4.09026666667,3.23066666667,7.5702,3.1904,2.707,5.03793333333
259.52,3.23833333333,3.69046666667,2.82846666667,3.9296,3.06773333333,7.43013333333,3.05013333334,2.547,4.78806666666
259.89,3.07353333333,3.65746666667,2.655,3.73526666666,2.91633333333,7.2754,2.85013333333,2.35893333333,4.5658
260.27,3.16053333333,3.78446666667,2.66146666667,3.84046666667,2.927,7.32893333333,2.9734,2.5256,4.66573333334
260.64,3.12726666667,3.81506666667,2.70746666667,3.884,2.91433333333,7.36246666666,3.002,2.52573333333,4.683
261.01,3.168,3.88706666667,2.7998,3.98693333333,2.984,7.381,3.1508,2.67973333333,4.7838
261.39,3.31833333333,4.0808,2.96473333333,4.19126666667,3.07993333333,7.58546666667,3.26313333333,2.78166666667,4.87646666667
261.76,3.51906666667,4.24446666667,3.18986666667,4.3618,3.24853333333,7.86306666667,3.42293333333,2.96986666667,5.11966666667
262.13,3.92326666667,4.67393333333,3.60066666667,4.84466666667,3.58346666666,8.32820000001,3.83213333333,3.3246,5.57966666667
262.51,3.8548,4.62066666667,3.46126666667,4.89926666667,3.40666666667,8.35120000001,3.75873333333,3.32206666667,5.58253333333
262.88,3.35233333333,4.1798,2.8692,4.4024,2.7536,7.88273333333,3.1254,2.8712,5.15013333333
263.25,3.25373333333,4.12226666667,2.83006666667,4.3586,2.49066666667,7.85353333334,3.04066666667,2.85106666667,5.23186666667
263.63,3.11326666667,4.05273333333,2.7304,4.24173333333,2.39393333333,7.72513333333,2.92706666666,2.795,5.19413333333
264.00,2.9124,3.66706666667,2.5422,3.97026666667,2.08186666667,7.46073333333,2.81986666667,2.71893333333,5.0084
264.37,2.4726,3.15053333333,2.20953333333,3.54826666667,1.6864,7.06113333333,2.42293333333,2.25333333334,4.6032
264.75,2.2104,2.7888,1.9108,3.09753333333,1.48353333333,6.904,2.16286666667,1.84266666667,4.3346
265.12,1.89933333333,2.42633333333,1.4958,2.6944,1.3014,6.47513333333,1.63413333333,1.26026666667,4.10186666667
265.49,1.13693333333,1.7,0.799400000001,2.0578,0.724200000001,5.79506666667,0.940866666667,0.597400000001,3.5816
265.87,0.958933333333,1.5464,0.686066666667,1.926,0.705666666666,5.61226666667,0.9194,0.542666666667,3.39086666667
266.24,0.720200000001,1.342,0.422733333333,1.6284,0.556466666667,5.30833333333,0.542866666667,0.471800000001,2.97586666667
266.61,0.893599999999,1.64313333333,0.717999999999,1.6274,0.841200000001,5.40613333333,0.634266666666,0.689199999999,3.07653333333
266.98,1.2376,2.0744,1.09146666667,2.00886666667,1.27273333333,5.65586666667,0.962866666667,0.894933333333,3.31686666667
267.36,1.775,2.5858,1.534,2.47126666667,1.84313333333,6.11153333333,1.37073333333,1.42926666667,3.73753333333
267.73,1.984,2.71973333333,1.75133333333,2.6986,1.9206,6.30946666667,1.61953333333,1.66206666667,4.015
268.10,1.94093333333,2.74346666667,1.80753333333,2.63773333333,1.94786666667,6.38846666667,1.5108,1.54073333333,4.0036
268.48,1.97133333333,2.77406666667,1.85373333334,2.56433333333,1.97113333333,6.351,1.5696,1.5312,3.89953333334
268.85,2.07686666667,2.87093333333,1.9834,2.71293333333,2.06806666667,6.33093333333,1.62346666667,1.70106666667,3.97813333333
269.22,2.27193333333,3.05826666667,2.21053333333,2.8634,2.1952,6.48706666667,1.87533333333,1.9826,3.9238
269.59,2.63546666667,3.50893333333,2.68446666667,3.1192,2.48433333334,6.771,2.27333333333,2.43946666667,4.1376
269.97,2.8136,3.67053333333,2.89033333333,3.18926666667,2.6332,6.8846,2.36533333333,2.51073333333,4.30946666667
270.34,2.68133333333,3.38193333333,2.819,3.0742,2.5232,6.70506666667,2.29246666667,2.29653333333,4.1698
270.71,2.89686666667,3.53633333333,3.04393333333,3.40873333333,2.81453333333,6.87066666667,2.60466666667,2.5832,4.40126666667
271.09,2.89313333333,3.5122,3.05026666667,3.45353333333,2.84586666667,6.909,2.7454,2.6906,4.46646666667
271.46,2.5908,3.30293333333,2.85773333333,3.2976,2.60566666667,6.60033333333,2.46386666667,2.38473333333,4.177
271.83,2.60393333333,3.42753333333,2.94306666667,3.34486666667,2.6182,6.62,2.48713333333,2.39033333333,4.14006666667
272.20,2.6272,3.53546666667,2.97193333333,3.3938,2.58686666667,6.56693333333,2.5064,2.361,4.17966666667
272.58,2.66853333333,3.57386666666,2.96566666667,3.46906666667,2.6598,6.6014,2.5156,2.43646666667,4.2766
272.95,2.7894,3.64533333333,3.00253333333,3.5192,2.7348,6.68373333334,2.6428,2.59846666667,4.35966666667
273.32,2.68893333333,3.51306666667,2.9272,3.37853333333,2.52886666667,6.63766666667,2.51153333333,2.498,4.3576
273.69,2.64393333333,3.4426,2.86253333333,3.3962,2.458,6.63046666667,2.53546666667,2.4374,4.32226666667
274.06,2.37193333334,3.23673333333,2.5738,3.23513333333,2.09833333333,6.48946666667,2.351,2.26673333333,4.00366666667
274.44,2.3224,3.3396,2.5708,3.27173333333,2.05066666667,6.6166,2.4206,2.27606666667,3.94386666667
274.81,2.1434,3.17373333333,2.40753333333,3.09493333333,1.8428,6.48873333333,2.28833333333,2.03346666667,3.74586666667
275.18,2.10993333333,3.11613333333,2.424,3.0824,1.83733333333,6.46746666667,2.20786666667,1.95953333333,3.6822
275.55,2.13866666667,3.06246666667,2.40673333333,3.08166666666,1.82813333333,6.4526,2.24853333333,2.04213333333,3.6756
275.93,1.92086666667,2.73786666667,2.093,2.85266666667,1.57666666667,6.26306666667,2.0118,1.82993333333,3.369
276.30,1.91006666667,2.7674,2.046,2.91173333333,1.61113333333,6.41066666667,2.07046666667,1.96273333333,3.38106666667
276.67,1.6712,2.5722,1.866,2.66746666667,1.35433333333,6.21733333333,1.79966666667,1.73746666667,3.08993333334
277.04,1.19106666667,2.1566,1.4378,2.24453333333,0.906999999999,5.73253333333,1.35426666667,1.27486666667,2.648
277.41,1.10026666667,2.07026666667,1.38373333333,2.24466666667,0.915399999999,5.65673333333,1.32706666667,1.21573333333,2.55113333333
277.79,1.13526666667,2.00093333333,1.26453333333,2.1726,0.914533333333,5.5166,1.19026666667,1.10546666667,2.46553333333
278.16,1.326,2.24293333333,1.356,2.3046,1.1406,5.60713333333,1.30886666667,1.26633333333,2.57106666667
278.53,1.201,2.1314,1.1306,1.98873333333,0.9368,5.31673333333,1.07106666667,1.1606,2.49766666667
278.90,1.4812,2.34126666667,1.2846,2.19966666667,1.09446666667,5.458,1.17253333333,1.4578,2.67086666667
279.27,1.68553333333,2.59773333333,1.46286666667,2.38966666667,1.383,5.578,1.44393333333,1.64773333333,2.90246666667
279.64,2.0008,2.9488,1.75626666667,2.66713333333,1.7212,5.86466666667,1.78706666667,1.8116,3.13993333333
280.02,2.25313333333,3.18326666667,2.05786666667,2.86113333333,2.084,6.07466666667,2.1182,2.04573333333,3.42493333333
280.39,2.22673333333,3.16773333333,2.12733333333,2.8676,2.09606666667,5.942,2.14473333333,2.00286666667,3.39373333333
280.76,2.52606666667,3.4754,2.32333333333,3.17606666667,2.37626666667,6.2118,2.50526666667,2.2986,3.7332
281.13,2.91113333333,3.75186666667,2.602,3.52973333333,2.74266666667,6.60186666667,2.85193333333,2.59793333333,4.08153333333
281.50,3.16833333333,3.9132,2.68146666667,3.6336,2.943,6.76953333333,3.02046666666,2.63453333333,4.27206666667
281.87,3.24886666667,3.98186666667,2.71486666667,3.65833333333,3.05046666667,6.82306666667,3.06273333334,2.65853333333,4.37186666667
282.25,3.29333333333,3.88446666667,2.69006666667,3.67646666667,3.0496,6.73146666667,3.0326,2.59993333334,4.37513333334
282.62,3.4132,3.92746666667,2.75593333333,3.87413333333,3.1736,6.81806666667,3.0854,2.67093333333,4.46173333333
282.99,3.15253333333,3.7164,2.57546666667,3.64626666667,2.95346666667,6.5852,2.82633333333,2.36666666667,4.24606666667
283.36,3.08353333333,3.645,2.5648,3.57986666667,2.8124,6.56986666667,2.76793333333,2.27453333333,4.19226666667
283.73,2.96293333333,3.5134,2.45253333333,3.44393333333,2.68453333333,6.5026,2.69226666667,2.2362,4.1784
284.10,2.73146666667,3.25426666667,2.18913333333,3.24526666667,2.34873333333,6.2856,2.41513333333,1.9872,3.9668
284.47,2.77153333333,3.17393333333,2.12386666667,3.2458,2.31626666667,6.30386666667,2.38673333333,2.1032,3.98906666667
284.85,2.61346666667,3.0076,2.00086666667,3.10913333333,2.18226666667,6.2668,2.24073333333,2.0152,3.84173333333
285.22,2.4266,2.86666666667,1.9194,2.95293333333,2.01686666667,6.13166666667,2.06426666667,1.9168,3.68433333333
285.59,2.34073333333,2.79793333333,1.88093333333,2.9434,1.9578,6.01046666667,2.01133333333,1.98926666667,3.66966666667
285.96,2.15606666667,2.64673333333,1.7364,2.83006666667,1.72,5.9058,1.88713333333,1.91013333333,3.48346666667
286.33,2.09413333334,2.6406,1.72813333333,2.76073333333,1.6566,5.91733333333,1.84153333333,1.87386666667,3.4752
286.70,2.0404,2.54953333333,1.72526666667,2.68293333333,1.64053333333,5.91913333333,1.833,1.8248,3.37766666667
287.07,1.89766666666,2.4762,1.60633333333,2.54086666667,1.5308,5.8264,1.82746666667,1.7358,3.268
287.44,1.68533333334,2.2082,1.34306666667,2.3018,1.31726666667,5.56653333333,1.52373333333,1.574,3.05973333333
287.82,1.58146666667,2.05713333333,1.23433333333,2.19013333333,1.23013333333,5.4268,1.3454,1.44413333333,2.92246666666
288.19,1.65813333333,2.17933333333,1.29633333333,2.28026666667,1.37513333333,5.503,1.41213333333,1.53413333334,2.9838
288.56,1.606,2.1742,1.2378,2.23786666667,1.37526666667,5.41093333333,1.3864,1.33793333333,2.902
288.93,1.2988,1.89886666667,0.943066666667,1.934,1.07106666667,5.00666666667,1.0878,0.943133333333,2.60026666667
289.30,1.2354,1.80853333333,0.880133333334,1.86253333333,0.982399999999,4.94906666667,1.028,0.857400000001,2.5536
289.67,1.1806,1.8188,0.969333333333,1.86006666667,0.935066666667,5.022,1.0378,0.791,2.50966666667
290.04,1.02886666667,1.60533333334,0.849933333333,1.6254,0.805666666667,4.80353333333,0.859933333333,0.577999999999,2.34806666667
290.41,1.06626666667,1.61246666667,0.878133333335,1.6814,0.8594,4.7596,0.906933333332,0.650933333334,2.3252
290.78,1.23993333333,1.81806666667,1.06373333333,1.8686,1.01886666667,4.86893333333,1.09546666667,0.826466666667,2.52773333334
291.15,1.30826666667,1.75746666667,1.005,1.9004,1.06173333333,4.8888,1.0472,0.841533333333,2.55813333333
291.52,1.46326666667,1.93086666667,1.10846666666,2.11713333333,1.22886666667,5.04946666667,1.2874,0.953133333334,2.68453333333
291.89,1.54733333333,2.11946666667,1.22706666667,2.2826,1.34586666667,5.15186666667,1.4288,1.08926666667,2.78333333333
292.26,1.50726666667,2.14626666667,1.21793333333,2.2684,1.2888,5.10213333333,1.45746666667,1.10626666667,2.74326666667
292.64,1.39146666667,2.0188,1.13766666667,2.13873333333,1.17933333333,5.06606666666,1.37146666667,1.07933333333,2.66753333333
293.01,1.93526666666,2.52513333333,1.6922,2.683,1.71686666667,5.6154,1.9338,1.67973333333,3.18466666667
293.38,2.19293333333,2.81586666667,1.94393333333,2.96446666666,1.944,5.77133333333,2.19746666667,1.98413333333,3.36666666667
293.75,2.15813333333,2.774,1.73593333333,2.88233333333,1.852,5.62226666667,2.033,1.8706,3.181
294.12,2.46633333333,3.15313333333,2.01613333333,3.23106666667,2.16726666667,5.902,2.3534,2.1994,3.4584
294.49,2.44773333333,3.2036,1.99026666666,3.2756,2.14166666667,5.90773333333,2.3308,2.1658,3.49606666667
294.86,2.25453333333,3.0706,1.79286666667,3.14166666667,2.03253333333,5.78833333333,2.19666666667,1.97886666667,3.38993333333
295.23,2.21726666667,3.08146666666,1.8094,3.12306666666,2.01386666667,5.80513333334,2.2088,1.9596,3.40153333333
295.60,2.1912,3.1384,1.86253333333,3.08253333334,2.01166666667,5.8618,2.20173333333,2.0516,3.44033333333
295.97,2.08726666667,3.02366666667,1.75613333333,2.9222,1.845,5.73906666667,2.09486666667,1.93766666667,3.29773333333
296.34,2.05866666667,2.95793333333,1.71673333333,2.812,1.7802,5.69186666667,2.0076,1.85806666667,3.2756
296.71,2.04773333333,2.96813333333,1.71593333334,2.769,1.74046666667,5.6322,1.977,1.85006666667,3.25966666667
297.08,1.62773333333,2.53326666666,1.2592,2.34966666667,1.31806666667,5.1534,1.52253333333,1.38033333333,2.81753333333
297.45,1.537,2.4484,1.12266666667,2.25773333333,1.2546,5.11593333333,1.40966666667,1.1904,2.76393333333
297.82,1.44813333333,2.41206666667,1.09566666667,2.1974,1.28506666667,5.13613333333,1.42626666667,1.1682,2.77
298.19,1.2106,2.18946666667,0.894333333334,2.01913333333,1.08893333333,5.0218,1.24533333333,0.970599999999,2.6666
298.56,0.996866666668,1.98913333333,0.763666666667,1.7584,0.928933333335,4.86486666667,1.07526666667,0.834133333333,2.4588
298.93,1.02446666667,1.9722,0.756999999999,1.7096,0.861866666666,4.7922,1.04693333333,0.857133333333,2.38773333333
299.30,0.924866666665,1.867,0.741400000001,1.66273333333,0.795266666666,4.67846666667,0.986133333332,0.765933333333,2.26226666667
299.67,0.8302,1.7362,0.621733333334,1.52773333333,0.687266666667,4.51726666666,0.856733333334,0.587533333333,2.1026
300.04,0.791599999999,1.58713333333,0.532133333334,1.4768,0.653933333334,4.47426666667,0.823066666666,0.478399999999,2.0772
300.41,0.876133333332,1.58846666667,0.629533333334,1.60073333334,0.811333333333,4.5082,0.927733333333,0.530933333333,2.13286666667
300.78,1.00873333333,1.651,0.770866666667,1.75733333334,1.00026666667,4.63253333333,1.10526666667,0.580666666666,2.23713333333
301.15,1.38626666667,2.05986666667,1.18126666667,2.0786,1.44213333333,5.04566666667,1.51966666667,0.996533333333,2.65753333333
301.52,1.57026666667,2.22273333333,1.41073333333,2.26326666667,1.64126666667,5.1602,1.66433333333,1.17153333334,2.8056
301.89,1.77546666667,2.38573333333,1.61766666667,2.4646,1.77546666667,5.23886666667,1.79586666667,1.35626666667,2.99906666667
302.26,1.90606666667,2.44586666667,1.74873333333,2.5422,1.86393333333,5.23446666667,1.85373333333,1.422,2.96653333333
302.63,2.276,2.725,2.11466666667,2.94886666667,2.22653333333,5.54893333333,2.2206,1.6946,3.29046666667
303.00,2.45753333333,2.88626666667,2.32266666667,3.13973333333,2.41973333333,5.7698,2.44013333333,1.82146666667,3.5082
303.37,2.74546666667,3.15826666667,2.61213333333,3.38693333333,2.65706666667,5.9746,2.68753333333,2.09533333333,3.75473333333
303.74,2.93333333333,3.33913333333,2.82646666667,3.61493333333,2.82646666667,6.10626666667,2.84953333333,2.2632,3.9326
304.10,2.86273333334,3.36673333333,2.78873333333,3.5702,2.7712,6.0742,2.74653333333,2.2542,3.8374
304.47,2.6884,3.26453333333,2.66926666667,3.4122,2.58313333333,5.96026666667,2.5466,2.16033333333,3.63306666667
304.84,2.58486666667,3.22153333333,2.57013333333,3.3172,2.4522,5.85026666667,2.38866666667,2.1308,3.544
305.21,2.45006666666,3.09373333333,2.47973333333,3.21986666667,2.24846666667,5.73826666667,2.25726666667,1.99493333333,3.34453333333
305.58,2.38266666667,3.09033333333,2.387,3.16806666667,2.19933333333,5.6952,2.2916,1.99386666667,3.32433333333
305.95,2.09826666667,2.7978,2.07606666666,2.9356,1.87373333333,5.43686666667,2.01913333333,1.67006666667,3.039
306.32,1.86626666667,2.66466666667,1.88433333333,2.764,1.75186666667,5.2508,1.86626666667,1.5138,2.90253333333
306.69,1.64406666667,2.52413333333,1.65466666666,2.5288,1.56386666667,5.05753333333,1.71033333333,1.36333333333,2.7808
307.06,1.25673333333,2.18066666667,1.28393333333,2.143,1.20553333333,4.7408,1.32466666667,1.05333333333,2.4518
307.43,0.970600000001,1.9326,0.985599999999,1.83393333334,0.881066666668,4.5326,1.02453333333,0.794333333334,2.21026666667
307.80,0.813000000001,1.78946666667,0.864466666665,1.7216,0.746333333332,4.45673333333,0.911666666667,0.699199999999,2.176
308.17,1.03233333333,2.01453333333,1.13006666667,1.9212,0.979333333335,4.6838,1.17453333333,0.918866666666,2.45666666667
308.54,0.8582,1.9208,1.0094,1.75,0.8302,4.557,1.0738,0.8274,2.401
308.90,0.950066666667,2.08133333333,1.1122,1.88266666667,0.932666666667,4.68793333334,1.21086666667,0.950133333333,2.5298
309.27,1.03546666667,2.16593333333,1.155,1.97726666667,1.03686666667,4.8248,1.28773333333,1.04066666667,2.65246666667
309.64,1.0284,2.09973333333,1.18166666667,1.97806666667,1.0174,4.80773333333,1.25693333333,1.0674,2.62526666667
310.01,1.24646666667,2.32613333333,1.43993333333,2.12046666667,1.27793333333,4.974,1.47386666667,1.35906666667,2.85453333333
310.38,1.61193333333,2.658,1.74086666667,2.3968,1.61886666667,5.30086666667,1.78166666667,1.6716,3.1652
310.75,1.6582,2.6442,1.73053333333,2.41906666667,1.59753333333,5.324,1.7088,1.6516,3.1548
311.12,1.7418,2.71593333333,1.78133333333,2.49453333333,1.66153333333,5.32666666667,1.7858,1.6852,3.1618
311.49,1.78006666667,2.68533333333,1.77,2.53446666667,1.6958,5.34366666667,1.81726666667,1.66973333333,3.1222
311.85,1.83693333333,2.68746666667,1.72833333333,2.50413333333,1.66273333333,5.2992,1.78146666667,1.62206666667,3.03246666667
312.22,1.5056,2.30686666666,1.34046666667,2.17586666667,1.2946,4.89593333334,1.38513333333,1.29006666667,2.61673333333
312.59,1.6518,2.3358,1.3808,2.29986666667,1.38646666667,4.95073333333,1.47153333333,1.27133333333,2.686
312.96,1.53953333333,2.19453333333,1.25266666667,2.15626666667,1.2908,4.79013333333,1.3444,1.1454,2.55753333333
313.33,1.54653333333,2.14433333333,1.20666666667,2.14313333333,1.28966666667,4.69653333333,1.31753333333,1.09706666667,2.49506666667
313.70,1.57313333333,2.16453333333,1.1828,2.10686666667,1.327,4.6666,1.27426666667,1.0646,2.48593333333
314.07,1.50386666667,2.0336,1.08273333333,2.02846666667,1.208,4.58,1.168,0.924866666667,2.3668
314.43,1.45266666667,1.89146666667,1.02533333333,2.0214,1.11686666667,4.4966,1.10233333333,0.875466666667,2.2882
314.80,1.48273333333,2.0018,1.05206666667,2.04273333333,1.1828,4.57466666667,1.2032,0.932133333331,2.31253333333
315.17,1.47413333333,2.03066666667,1.0706,1.99846666667,1.201,4.6766,1.18426666667,0.958666666667,2.3474
315.54,1.59266666667,2.20993333333,1.23153333333,2.0904,1.405,4.8422,1.3198,1.15613333333,2.5384
315.91,1.54206666667,2.24193333333,1.283,2.07353333333,1.4182,4.88973333333,1.35206666667,1.22253333333,2.60906666667
316.28,1.88186666667,2.601,1.60253333333,2.3598,1.7668,5.19606666667,1.69846666667,1.53293333333,2.9686
316.64,1.96153333333,2.76846666667,1.71033333333,2.45033333333,1.8768,5.32246666667,1.79666666667,1.65786666667,3.09826666667
317.01,2.20026666667,3.0374,1.94806666667,2.69186666667,2.08513333333,5.58633333334,2.00786666667,1.868,3.3654
317.38,2.25346666667,3.1728,2.0644,2.75793333333,2.1758,5.71513333333,2.14633333333,1.9102,3.45286666667
317.75,2.05486666667,2.98693333333,1.88053333334,2.58806666667,1.90113333333,5.55733333333,2.0252,1.65733333333,3.2336
318.12,1.99473333333,2.918,1.7496,2.54033333333,1.87006666667,5.45366666667,1.9992,1.6084,3.1216
318.49,1.8724,2.89186666667,1.6862,2.42646666667,1.71173333333,5.39033333333,1.943,1.55093333333,3.051
318.85,1.6134,2.63386666667,1.4712,2.2182,1.45166666667,5.11693333333,1.7012,1.3592,2.84566666667
319.22,1.60693333333,2.63006666667,1.5052,2.29186666667,1.4598,5.06426666667,1.7554,1.33993333333,2.89066666667
319.59,1.43426666667,2.51053333333,1.30586666666,2.1722,1.2538,4.7838,1.6182,1.11286666667,2.69266666667
319.96,1.2076,2.3352,1.01193333333,1.9794,1.0906,4.55953333333,1.3972,0.860933333334,2.44613333333
320.32,1.12253333333,2.28486666667,0.971266666665,1.97513333333,1.03133333333,4.55593333333,1.42613333333,0.846466666667,2.4174
320.69,1.16526666667,2.2578,1.02113333333,2.05,1.06313333333,4.60726666667,1.44633333333,0.945133333333,2.4658
321.06,1.0362,2.0338,0.9332,1.93513333333,0.897199999999,4.49226666667,1.27853333333,0.780000000001,2.26026666667
321.43,0.869466666665,1.7846,0.6918,1.717,0.627466666667,4.2138,1.008,0.566133333333,2.08953333333
321.80,0.722000000001,1.66746666667,0.567333333334,1.68613333333,0.556333333333,4.06466666667,0.918999999999,0.497,1.95646666667
322.16,0.895266666668,1.90946666667,0.844266666666,1.86766666667,0.753266666668,4.32653333333,1.08373333333,0.621999999999,2.10693333333
322.53,0.882533333332,1.80893333333,0.776466666667,1.8362,0.697399999999,4.2742,0.961266666666,0.504866666667,2.01953333333
322.90,1.00886666667,1.80766666667,0.809399999999,1.89046666667,0.763466666668,4.34353333333,1.0428,0.493133333334,2.02926666666
323.27,1.13133333333,1.79366666667,0.823999999999,1.90173333333,0.838333333335,4.3376,1.052,0.578600000001,2.0188
323.63,1.35866666667,1.97873333333,1.0514,2.0918,1.0558,4.56786666667,1.23153333333,0.844999999999,2.279
324.00,1.588,2.17486666667,1.35386666667,2.27906666667,1.23086666667,4.715,1.4878,1.10233333333,2.49426666667
324.37,1.5794,2.12693333334,1.39393333333,2.23626666667,1.23593333333,4.62246666667,1.46106666667,1.0726,2.44153333333
324.74,1.56193333333,2.06006666667,1.35626666667,2.1698,1.22853333333,4.56573333333,1.46986666667,1.04973333333,2.323
325.10,1.67313333333,2.13153333333,1.3376,2.19626666667,1.3068,4.59606666667,1.53413333333,1.1414,2.37126666667
325.47,1.7644,2.22306666667,1.493,2.3028,1.4362,4.72726666667,1.6256,1.30566666667,2.46086666667
325.84,2.068,2.4548,1.743,2.42526666667,1.67666666667,4.98993333333,1.82693333333,1.5538,2.69953333333
326.21,2.02266666667,2.38913333333,1.6806,2.33306666667,1.6084,4.93933333333,1.78586666667,1.52433333333,2.675
326.57,2.0112,2.42193333333,1.67426666667,2.33633333333,1.62466666666,4.90873333334,1.8354,1.5668,2.68686666666
326.94,2.146,2.6548,1.89026666667,2.5554,1.8174,5.03913333333,1.98866666667,1.78733333334,2.87813333333
327.31,2.19566666667,2.82286666667,2.02133333333,2.6912,1.93466666667,5.15133333333,2.0536,1.86073333333,3.01106666667
327.67,2.12113333333,2.6866,1.88813333333,2.55026666667,1.8368,5.10246666667,1.92886666667,1.69933333333,2.8626
328.04,2.2018,2.77113333333,1.97726666667,2.7088,1.96666666667,5.25286666667,1.99126666667,1.81613333333,2.94293333333
328.41,2.32346666667,2.8272,2.02946666667,2.7716,2.00226666667,5.39006666667,1.98086666667,1.87413333333,3.02866666667
328.78,2.21186666667,2.7768,1.964,2.7026,1.89573333334,5.24953333333,1.81573333334,1.72593333333,2.9694
329.14,1.864,2.43826666667,1.7012,2.3714,1.61826666667,4.928,1.51493333333,1.39933333333,2.65486666667
329.51,1.7094,2.25066666667,1.5262,2.21846666667,1.48146666667,4.76153333333,1.36633333333,1.2338,2.48853333333
329.88,1.47433333333,1.97273333333,1.3068,2.06013333333,1.27806666667,4.51526666667,1.11313333333,1.042,2.27886666667
330.24,1.38806666667,1.8424,1.19233333333,1.98806666667,1.16593333333,4.4188,0.996466666665,0.962600000001,2.13366666667
330.61,1.36153333333,1.7974,1.14473333333,1.9484,1.1928,4.43353333333,0.957133333333,0.946,2.0682
330.98,1.3168,1.71106666667,1.06946666667,1.89793333333,1.14606666667,4.41973333333,0.880066666665,0.838466666668,2.0172
331.34,1.19826666667,1.58093333333,0.948800000002,1.80913333333,1.04373333333,4.28413333333,0.790533333333,0.754200000001,1.84646666667
331.71,1.24753333333,1.67873333333,0.987733333334,1.90033333333,1.09733333333,4.3058,0.875733333333,0.849666666667,1.8992
332.08,1.19353333333,1.593,0.913466666667,1.74613333333,0.993866666667,4.20286666667,0.811266666666,0.731933333333,1.8318
332.44,1.23713333333,1.74713333333,1.0012,1.89886666667,1.1252,4.2708,0.967466666665,0.821999999999,1.947
332.81,1.38853333333,1.91233333334,1.0868,1.98806666666,1.28566666667,4.3924,1.1496,0.978000000001,2.0946
333.18,1.775,2.34433333333,1.4504,2.41033333333,1.65693333333,4.7478,1.50613333333,1.36,2.49613333333
333.54,1.90413333333,2.45573333333,1.57313333333,2.5934,1.70613333333,4.85926666667,1.61533333333,1.4618,2.62173333333
333.91,1.9916,2.60593333333,1.66493333333,2.6888,1.81613333334,4.91333333333,1.72886666667,1.49486666667,2.71573333333
334.28,1.97866666667,2.63533333333,1.6606,2.709,1.88146666667,4.8836,1.71693333333,1.4772,2.7776
334.64,2.05786666667,2.6946,1.7274,2.75206666667,1.9384,4.90653333333,1.7286,1.53406666667,2.85533333333
335.01,1.8746,2.51913333333,1.53933333333,2.51153333333,1.71666666667,4.6954,1.5244,1.3716,2.68446666667
335.38,1.92326666667,2.57,1.61686666667,2.52326666667,1.72333333333,4.74233333333,1.49566666667,1.3754,2.75933333333
335.74,1.9916,2.6374,1.772,2.59033333334,1.82133333334,4.81073333333,1.56606666667,1.44946666667,2.90113333334
336.11,1.9382,2.5868,1.7474,2.59193333333,1.81173333333,4.75853333333,1.5388,1.46306666667,2.87733333333
336.47,1.87106666667,2.5312,1.6988,2.46046666667,1.7736,4.68206666666,1.49673333333,1.45386666667,2.7464
336.84,1.994,2.64933333333,1.8318,2.58166666667,1.9,4.835,1.62873333333,1.60313333333,2.87453333333
337.21,1.88533333333,2.56493333333,1.79106666667,2.50413333333,1.8264,4.83006666667,1.6036,1.5206,2.80913333333
337.57,1.955,2.65086666667,1.88666666667,2.50106666667,1.96406666667,4.89173333334,1.69853333333,1.583,2.8864
337.94,1.87013333333,2.62753333333,1.85313333333,2.4474,1.892,4.90573333333,1.71593333333,1.55993333333,2.84253333333
338.31,1.91086666667,2.6624,1.88286666667,2.46946666667,1.8928,4.91306666667,1.759,1.598,2.84133333333
338.67,1.64873333333,2.45893333333,1.7108,2.28373333333,1.67173333333,4.73466666667,1.6046,1.37126666667,2.6794
339.04,1.6782,2.48593333333,1.74693333333,2.34953333333,1.69406666667,4.75946666667,1.67713333333,1.40813333333,2.68113333333
339.40,1.49593333333,2.31893333333,1.56353333333,2.21686666666,1.54566666667,4.64573333333,1.5962,1.2782,2.51206666667
339.77,1.3318,2.2246,1.44233333333,2.11413333333,1.4344,4.53966666667,1.5044,1.20486666667,2.34573333333
340.14,1.3466,2.2496,1.46813333333,2.11153333333,1.43866666667,4.55026666666,1.51606666667,1.20753333333,2.3074
340.50,1.2438,2.1176,1.40626666667,2.04566666667,1.34013333333,4.46513333333,1.4142,1.12406666667,2.1984
340.87,1.019,1.9286,1.27086666667,1.86513333334,1.15993333333,4.2754,1.22173333333,0.950400000001,1.95566666667
341.23,1.02106666667,1.8756,1.22093333333,1.79706666667,1.15973333333,4.23433333334,1.15686666667,0.958733333334,1.889
341.60,0.890333333333,1.82826666667,1.0962,1.7042,1.08866666667,4.1762,1.02506666667,0.878333333333,1.75633333333
341.96,0.966066666667,1.8768,1.13186666667,1.7448,1.12433333333,4.17526666667,1.01846666667,0.9474,1.77173333333
342.33,0.932600000001,1.8356,1.08486666667,1.70646666667,1.12166666667,4.1584,0.996266666666,0.927733333333,1.7416
342.70,1.18746666667,2.04606666667,1.2786,1.87606666667,1.36453333333,4.3404,1.19026666667,1.12686666667,1.88866666667
343.06,1.23026666667,2.05573333333,1.30946666667,1.8948,1.45273333333,4.383,1.25426666667,1.12966666667,1.9366
343.43,1.31853333333,2.066,1.35206666667,1.97213333333,1.52126666667,4.419,1.2898,1.166,1.9758
343.79,1.35746666667,2.03626666667,1.3558,1.96373333333,1.5164,4.38773333333,1.2842,1.1434,1.99213333333
344.16,1.27446666667,1.91226666667,1.208,1.83293333334,1.422,4.2992,1.17133333334,1.0102,1.90633333333
344.52,1.34706666667,1.97713333333,1.2368,1.89966666667,1.50086666667,4.3606,1.2132,1.04313333333,2.0192
344.89,1.33713333334,1.93366666667,1.18313333334,1.8698,1.43866666667,4.31933333333,1.1698,0.984400000001,1.97953333333
345.25,1.44866666667,2.06713333333,1.33086666667,2.02426666667,1.55406666667,4.42173333334,1.30206666667,1.05666666667,2.10086666667
345.62,1.4416,2.0814,1.34826666667,2.03546666667,1.563,4.40926666667,1.30493333333,1.05666666667,2.11486666667
345.99,1.58813333333,2.19266666666,1.47733333333,2.1388,1.7128,4.5694,1.4104,1.1872,2.25046666667
346.35,1.7036,2.2876,1.6044,2.24766666667,1.80386666667,4.66893333333,1.53753333334,1.28513333333,2.3838
346.72,1.6764,2.289,1.58826666667,2.23406666667,1.778,4.66313333333,1.51466666667,1.31573333333,2.40013333333
347.08,1.8214,2.42586666667,1.7108,2.3414,1.88706666667,4.77633333333,1.58846666667,1.45486666667,2.53993333333
347.45,1.94546666667,2.59366666667,1.8414,2.43566666667,2.01286666667,4.9326,1.73893333333,1.57586666666,2.7004
347.81,2.10113333333,2.7922,2.00013333333,2.6394,2.1866,5.13513333333,1.94086666667,1.75013333333,2.86453333333
348.18,2.16946666667,2.8674,2.0808,2.75213333333,2.25353333333,5.161,2.0512,1.834,2.90593333333
348.54,2.10486666667,2.813,2.0356,2.70013333333,2.1914,5.08613333333,2.02333333333,1.7612,2.823
348.91,2.1704,2.8828,2.10726666667,2.72866666667,2.26633333334,5.16453333333,2.103,1.78153333333,2.89526666667
349.27,2.0162,2.72586666667,1.94033333333,2.56433333333,2.11266666667,4.98853333333,1.97413333333,1.65593333333,2.75793333333
349.64,1.99113333333,2.65986666667,1.90586666667,2.52706666667,2.02806666667,4.93773333333,1.9698,1.62646666667,2.74026666667
350.00,1.79293333333,2.51813333333,1.74873333333,2.41033333333,1.8788,4.78366666667,1.8462,1.47666666667,2.5942
350.37,1.6038,2.39146666667,1.60373333333,2.2856,1.73086666666,4.6798,1.66566666666,1.33113333334,2.41433333333
350.73,1.58873333333,2.35186666667,1.60493333333,2.3276,1.71113333333,4.66473333333,1.68746666667,1.28733333333,2.38506666667
351.10,1.3652,2.15306666667,1.45066666667,2.1442,1.52813333333,4.48453333333,1.5316,1.10593333333,2.141
351.46,1.30026666667,2.0776,1.39686666667,2.08086666667,1.46093333333,4.3634,1.4706,1.07933333333,2.035
351.83,1.17173333333,1.96166666667,1.26773333333,1.9264,1.33093333333,4.20353333333,1.2926,0.955933333334,1.9154
352.19,1.14946666666,1.9524,1.28346666667,1.94846666667,1.32326666667,4.2354,1.2662,0.972133333333,1.931
352.55,1.09766666667,1.86913333333,1.2522,1.87946666667,1.2554,4.212,1.1726,0.921933333333,1.91886666667
352.92,1.0006,1.7946,1.15453333333,1.81246666667,1.175,4.1368,1.07546666667,0.847266666666,1.87126666667
353.28,1.08426666667,1.87286666667,1.24153333333,1.9184,1.2718,4.2328,1.15593333333,0.921399999999,1.94406666667
353.65,1.21246666667,1.95093333334,1.3528,2.01033333333,1.39993333334,4.3142,1.24986666667,1.0388,2.0242
354.01,1.23726666667,1.90766666667,1.3578,1.99306666667,1.39606666667,4.26346666667,1.2162,1.00253333333,2.00133333333
354.38,1.24753333333,1.92013333333,1.3918,1.9992,1.41173333333,4.23153333333,1.23866666667,1.01953333333,2.0208
354.74,1.09813333333,1.78753333333,1.23606666667,1.8188,1.26653333333,4.07566666667,1.07126666667,0.870866666665,1.8774
355.11,1.12366666667,1.793,1.21873333333,1.83786666667,1.2892,4.07526666667,1.06326666667,0.887666666667,1.90766666667
355.47,1.09626666667,1.77833333333,1.18506666667,1.81873333333,1.26413333333,4.0524,1.03093333333,0.843533333335,1.88273333333
355.83,1.14946666667,1.7996,1.21226666667,1.882,1.32266666667,4.10066666667,1.09773333333,0.867266666666,1.9228
356.20,1.1812,1.8176,1.2212,1.86833333333,1.35353333333,4.115,1.1178,0.860999999999,1.9306
356.56,1.3462,2.02613333333,1.3778,2.04853333333,1.51346666667,4.25853333333,1.28513333333,1.03693333333,2.09786666667
356.93,1.4014,2.0666,1.44393333334,2.12973333333,1.5864,4.27573333333,1.31386666667,1.117,2.15106666667
357.29,1.35826666667,2.03933333333,1.41653333333,2.10886666667,1.5444,4.21133333333,1.2626,1.10393333333,2.13646666667
357.66,1.33673333333,2.0336,1.38413333333,2.077,1.51713333333,4.1926,1.23153333334,1.06386666667,2.116
358.02,1.3642,2.06613333333,1.39146666667,2.1148,1.50946666667,4.2254,1.26986666667,1.11466666667,2.16033333333
358.38,1.49773333333,2.16933333333,1.4688,2.2152,1.6122,4.30933333333,1.37566666667,1.21706666667,2.30286666666
358.75,1.64033333333,2.3064,1.61206666666,2.3582,1.74633333333,4.43253333333,1.51686666667,1.34693333333,2.46653333333
359.11,1.6512,2.3354,1.59826666667,2.35773333333,1.7474,4.40926666667,1.53566666666,1.35553333333,2.46533333333
359.48,1.6104,2.31573333333,1.5608,2.33306666667,1.7408,4.39466666667,1.50106666667,1.35186666667,2.44946666667
359.84,1.5004,2.22593333333,1.50366666667,2.21626666667,1.64826666667,4.29133333333,1.41826666667,1.27953333333,2.35813333333
360.20,1.41913333333,2.17133333333,1.4572,2.1626,1.6006,4.21793333333,1.35806666667,1.21946666667,2.32426666667
360.57,1.3728,2.1254,1.41466666667,2.10566666667,1.5554,4.19206666667,1.3252,1.18486666667,2.28053333333
360.93,1.3752,2.13526666667,1.38193333333,2.1068,1.52426666667,4.2038,1.384,1.18306666667,2.2652
361.29,1.4314,2.19633333333,1.42,2.1404,1.5646,4.26626666667,1.4522,1.21893333333,2.31006666667
361.66,1.4486,2.23126666667,1.45013333333,2.19913333333,1.5638,4.29193333333,1.48913333333,1.261,2.34733333333
362.02,1.39126666667,2.2058,1.43,2.17873333333,1.54986666667,4.2822,1.4636,1.22226666667,2.3232
362.39,1.2902,2.1234,1.35746666667,2.09653333333,1.46893333333,4.23326666667,1.3588,1.13886666667,2.23126666666
362.75,1.26226666667,2.07993333333,1.32313333333,2.0564,1.4472,4.21066666667,1.29926666667,1.11293333333,2.17746666667
363.11,1.28353333333,2.114,1.39873333333,2.10526666666,1.47346666667,4.28753333333,1.32886666666,1.163,2.2278
363.48,1.35906666667,2.13513333333,1.471,2.1494,1.5198,4.3324,1.41486666667,1.20686666667,2.29726666667
363.84,1.40046666667,2.1354,1.45913333333,2.1866,1.5258,4.3596,1.39733333333,1.18366666667,2.31906666667
364.20,1.4426,2.1444,1.45046666667,2.18586666667,1.51693333333,4.39013333333,1.3894,1.1954,2.31146666667
364.57,1.44946666667,2.11986666667,1.4426,2.20853333333,1.52093333333,4.3776,1.37633333333,1.20973333333,2.28566666667
364.93,1.46746666667,2.13493333333,1.4854,2.23486666666,1.56713333333,4.3884,1.36186666667,1.24813333333,2.29206666667
365.29,1.44253333333,2.0868,1.44126666667,2.1744,1.545,4.34513333333,1.30653333334,1.20726666667,2.2378
365.66,1.34186666667,1.988,1.3472,2.05413333333,1.46593333333,4.23453333333,1.2008,1.09733333333,2.13706666667
366.02,1.4414,2.08833333333,1.4328,2.09786666667,1.5554,4.2788,1.2868,1.19906666667,2.21466666666
366.38,1.53606666667,2.15553333333,1.49986666667,2.15466666667,1.62453333333,4.3024,1.3796,1.27913333333,2.2508
366.75,1.57833333333,2.19993333333,1.53793333333,2.2028,1.64473333333,4.3194,1.4502,1.29093333333,2.293
367.11,1.6342,2.236,1.58533333333,2.23826666667,1.7178,4.31286666667,1.5018,1.30013333333,2.33126666667
367.47,1.59086666667,2.22033333333,1.57113333333,2.22086666667,1.68973333333,4.2422,1.4416,1.28026666667,2.2694
367.84,1.63986666667,2.28926666667,1.64713333333,2.27593333333,1.75826666667,4.28713333333,1.51806666667,1.37093333333,2.3048
368.20,1.7152,2.37733333333,1.74793333333,2.36406666667,1.8486,4.33353333333,1.59453333333,1.4662,2.37746666667
368.56,1.7598,2.44633333333,1.7864,2.38126666667,1.89613333333,4.3574,1.65266666667,1.48953333333,2.42353333333
368.93,1.79713333333,2.46706666667,1.8076,2.40033333333,1.92146666667,4.39793333333,1.68166666667,1.4974,2.4692
369.29,1.80706666667,2.48346666667,1.83746666666,2.44213333333,1.93353333333,4.42013333333,1.69746666667,1.51946666666,2.49353333333
369.65,1.8706,2.53933333333,1.93046666667,2.51566666667,2.00953333333,4.49566666667,1.762,1.61313333333,2.55426666667
370.01,1.84306666667,2.51433333333,1.91966666667,2.53033333333,1.97826666667,4.49446666667,1.71633333333,1.58893333333,2.52853333333
370.38,1.80246666667,2.5054,1.89813333333,2.51206666667,1.95066666667,4.5012,1.68926666667,1.5632,2.52233333334
370.74,1.8008,2.5246,1.91246666667,2.52626666667,1.95386666667,4.51453333333,1.6872,1.59166666667,2.52086666667
371.10,1.75093333333,2.4906,1.85653333333,2.50066666667,1.8928,4.49513333333,1.63093333333,1.56373333333,2.46913333334
371.46,1.65153333333,2.42013333333,1.7386,2.40993333333,1.8018,4.44553333333,1.5594,1.47886666667,2.41693333334
371.83,1.57333333333,2.32286666667,1.62233333333,2.30766666667,1.69713333333,4.358,1.4968,1.39446666667,2.33333333333
372.19,1.545,2.28486666667,1.55493333333,2.2686,1.66146666667,4.35726666667,1.47473333333,1.3706,2.3256
372.55,1.51233333333,2.248,1.53706666667,2.23873333333,1.631,4.33546666667,1.42186666667,1.3348,2.30653333333
372.92,1.4512,2.2068,1.4882,2.19473333333,1.56926666666,4.26373333333,1.36546666666,1.26093333334,2.25626666667
373.28,1.4082,2.16046666667,1.44773333333,2.15733333333,1.51346666667,4.20626666667,1.32466666667,1.22633333333,2.2074
373.64,1.4198,2.13713333333,1.40893333333,2.14086666667,1.50766666667,4.17133333333,1.31726666667,1.22093333333,2.19766666667
374.00,1.51346666667,2.177,1.48593333333,2.20966666667,1.57853333333,4.22233333333,1.38733333333,1.2822,2.25873333333
374.37,1.52373333333,2.13966666667,1.48866666667,2.204,1.5546,4.20726666667,1.3738,1.2728,2.24786666667
374.73,1.55486666667,2.15293333333,1.50913333333,2.20526666667,1.57613333333,4.21653333333,1.38446666667,1.31313333333,2.26293333333
375.09,1.5374,2.1158,1.456,2.14933333333,1.55946666667,4.1938,1.36566666667,1.29726666667,2.21913333333
375.45,1.661,2.2136,1.56573333333,2.24326666667,1.67933333333,4.29353333333,1.44573333333,1.40293333333,2.306
375.81,1.72913333333,2.30786666667,1.6602,2.33693333333,1.78686666667,4.36833333333,1.4726,1.49046666667,2.4032
376.18,1.77193333333,2.35526666666,1.7312,2.3954,1.849,4.4024,1.50846666667,1.51793333333,2.45266666667
376.54,1.79826666667,2.38306666667,1.73506666667,2.41793333333,1.86053333333,4.41226666667,1.5326,1.5274,2.44946666667
376.90,1.81693333333,2.40206666667,1.77286666667,2.45173333333,1.88946666667,4.4376,1.52293333333,1.5638,2.458
377.26,1.8396,2.43026666666,1.8046,2.4942,1.90873333334,4.4796,1.55493333333,1.60353333333,2.4914
377.63,1.79926666667,2.43773333333,1.793,2.487,1.9168,4.5028,1.5382,1.55546666667,2.47186666667
377.99,1.68546666667,2.38293333333,1.68233333333,2.37833333333,1.83313333333,4.43473333334,1.459,1.45413333333,2.371
378.35,1.67133333333,2.40426666667,1.67833333333,2.38506666667,1.85553333334,4.42126666667,1.46733333333,1.4502,2.362
378.71,1.683,2.40293333334,1.65433333333,2.40833333334,1.8762,4.4506,1.48426666667,1.44546666667,2.3844
379.07,1.77573333333,2.50453333333,1.74766666667,2.50893333333,1.96366666667,4.519,1.57026666667,1.54166666667,2.50366666666
379.44,1.75353333333,2.48553333333,1.75113333333,2.492,1.93793333333,4.50953333333,1.57073333333,1.52693333333,2.4942
379.80,1.74493333333,2.47986666666,1.75086666667,2.46733333333,1.90313333333,4.50113333333,1.596,1.53533333333,2.49226666667
380.16,1.6892,2.44893333333,1.7168,2.4292,1.86086666667,4.48153333333,1.58786666667,1.50746666667,2.4684
380.52,1.6888,2.434,1.71966666667,2.42386666667,1.85973333334,4.49273333333,1.5962,1.5002,2.49806666667
380.88,1.6476,2.38626666667,1.6498,2.33993333333,1.80286666667,4.4544,1.55946666667,1.45546666667,2.48633333333
381.24,1.58393333333,2.3136,1.58226666667,2.23753333333,1.73706666667,4.37086666667,1.48773333333,1.37726666667,2.41606666666
381.61,1.59766666667,2.286,1.56906666667,2.233,1.70326666667,4.341,1.4714,1.3676,2.41
381.97,1.62473333333,2.28553333333,1.60226666667,2.26826666667,1.73333333333,4.3586,1.473,1.39066666667,2.4378
382.33,1.63613333333,2.28233333333,1.59386666667,2.2792,1.735,4.37153333333,1.48513333333,1.40846666667,2.4492
382.69,1.57853333333,2.25073333333,1.574,2.23906666667,1.68206666667,4.32766666666,1.44933333333,1.36853333333,2.4054
383.05,1.5334,2.20853333333,1.54573333333,2.19313333333,1.6304,4.27793333333,1.4164,1.33733333333,2.36553333333
383.41,1.52153333333,2.2182,1.52593333333,2.2076,1.62286666667,4.2898,1.40433333333,1.3226,2.37346666667
383.77,1.4896,2.1992,1.4986,2.19686666667,1.59166666667,4.268,1.3662,1.27726666667,2.32926666667
384.14,1.50786666667,2.198,1.5006,2.19146666667,1.5898,4.24646666667,1.34653333333,1.2678,2.31593333333
384.50,1.40946666667,2.113,1.40206666667,2.117,1.49533333333,4.1498,1.24,1.185,2.21586666667
384.86,1.454,2.152,1.46406666667,2.1758,1.53746666667,4.17333333333,1.29506666667,1.22833333333,2.24153333333
385.22,1.45506666667,2.16786666667,1.45393333333,2.20413333333,1.54946666667,4.17853333333,1.3074,1.2236,2.2554
385.58,1.45153333333,2.1778,1.4522,2.1962,1.552,4.17773333333,1.3104,1.22306666667,2.25566666666
385.94,1.45846666667,2.18926666667,1.45066666667,2.21306666667,1.54446666667,4.16993333333,1.3216,1.2278,2.25566666667
386.30,1.45386666667,2.19806666666,1.45166666667,2.21266666667,1.54433333334,4.165,1.32453333333,1.21553333333,2.22873333333
386.66,1.44006666667,2.1864,1.44313333333,2.1996,1.53753333333,4.14646666667,1.31346666667,1.206,2.20773333333
387.03,1.37433333333,2.1148,1.38733333333,2.14786666667,1.47733333333,4.1016,1.23653333333,1.1134,2.12793333333
387.39,1.41473333333,2.1496,1.4418,2.17026666667,1.52186666667,4.13066666667,1.28033333333,1.16886666667,2.15206666667
387.75,1.45633333333,2.18186666667,1.46326666667,2.1874,1.57506666667,4.1688,1.31033333333,1.21006666667,2.18673333333
388.11,1.5042,2.24246666667,1.525,2.24733333333,1.6386,4.2268,1.388,1.27266666667,2.23753333333
388.47,1.5782,2.30246666667,1.60826666667,2.30033333333,1.71433333333,4.2814,1.4702,1.33986666667,2.29033333333
388.83,1.55913333333,2.298,1.5738,2.29253333333,1.70393333333,4.25813333333,1.44273333333,1.32346666667,2.2618
389.19,1.547,2.2902,1.56253333333,2.2888,1.70086666667,4.264,1.4262,1.30933333333,2.2464
389.55,1.5356,2.2932,1.56606666667,2.30773333333,1.7064,4.26486666667,1.42306666667,1.322,2.25826666667
389.91,1.49046666667,2.24733333333,1.52893333333,2.25866666667,1.66586666666,4.23306666667,1.39326666667,1.279,2.23806666667
390.27,1.4482,2.209,1.49053333333,2.23286666667,1.61993333333,4.1744,1.3472,1.2414,2.21046666667
390.63,1.45806666667,2.197,1.488,2.23826666667,1.63186666667,4.1734,1.34466666667,1.23986666667,2.2254
391.00,1.49,2.21353333333,1.51066666667,2.25673333333,1.6482,4.20446666667,1.38426666667,1.26233333333,2.24533333333
391.36,1.40793333333,2.1092,1.40773333333,2.17626666667,1.5488,4.1,1.2934,1.14853333333,2.16833333333
391.72,1.35446666667,2.04566666667,1.37666666667,2.1554,1.50426666667,4.03913333333,1.2484,1.0888,2.1292
392.08,1.2578,1.96293333333,1.27566666667,2.073,1.4176,3.93893333333,1.14353333333,0.994866666667,2.04633333333
392.44,1.216,1.93426666667,1.222,2.04046666667,1.3832,3.89626666667,1.10146666667,0.960933333333,2.01406666667
392.80,1.22053333333,1.94266666667,1.2372,2.04013333334,1.39966666667,3.91533333333,1.12133333333,0.973266666667,2.03153333333
393.16,1.29273333333,2.00033333333,1.30646666667,2.083,1.4638,3.97706666667,1.18346666667,1.04833333333,2.08813333333
393.52,1.3126,2.00193333333,1.30546666667,2.07133333334,1.457,3.9884,1.1832,1.04246666667,2.07106666667
393.88,1.33966666667,2.02773333333,1.3168,2.06853333333,1.47113333333,4.00046666667,1.1952,1.06866666667,2.07993333333
394.24,1.33386666667,2.01326666667,1.30873333333,2.04926666667,1.45726666667,4.00026666667,1.18513333333,1.06106666667,2.08193333333
394.60,1.318,2.0082,1.2842,2.02426666667,1.42873333333,3.9974,1.17453333333,1.04346666667,2.05873333333
394.96,1.31986666667,2.03106666666,1.2848,2.04393333333,1.4452,4.01386666667,1.1942,1.073,2.07053333333
395.32,1.3456,2.06106666667,1.3138,2.0686,1.46793333333,4.04493333333,1.2266,1.118,2.0824
395.68,1.34013333333,2.0554,1.29586666667,2.04966666667,1.45493333333,4.04286666667,1.22586666667,1.12226666667,2.0668
396.04,1.385,2.0806,1.33866666667,2.08086666667,1.48946666667,4.0858,1.26146666667,1.16973333333,2.08873333333
396.40,1.41046666667,2.09066666667,1.3554,2.10393333333,1.50013333333,4.104,1.28266666667,1.176,2.10606666667
396.76,1.396,2.0472,1.3268,2.0868,1.45753333333,4.0608,1.26626666667,1.1468,2.07353333333
397.12,1.4274,2.08146666667,1.36113333333,2.1296,1.48666666667,4.07553333333,1.2926,1.1554,2.11646666667
397.48,1.4448,2.10266666667,1.3762,2.15486666667,1.50793333333,4.06333333333,1.31226666667,1.1662,2.1458
397.84,1.50886666666,2.16246666667,1.43933333333,2.24246666667,1.579,4.11373333333,1.38166666667,1.23293333333,2.20646666667
398.20,1.5954,2.23873333333,1.52313333334,2.32013333333,1.67893333333,4.201,1.465,1.31073333333,2.2938
398.56,1.62586666667,2.2688,1.57193333333,2.3522,1.7172,4.22186666667,1.49053333333,1.33913333333,2.33166666667
398.92,1.6736,2.32033333333,1.64426666667,2.39753333333,1.76506666667,4.23766666667,1.51726666667,1.36726666667,2.39506666667
399.28,1.7072,2.37986666667,1.67506666667,2.4336,1.80126666667,4.2668,1.53726666667,1.39986666667,2.43986666667
399.64,1.80073333333,2.47366666667,1.76973333333,2.52006666667,1.8798,4.33766666667,1.61426666667,1.4786,2.5192
400.00,1.83046666667,2.4964,1.7942,2.55233333333,1.88766666667,4.35966666667,1.64293333333,1.5008,2.5496
400.36,1.82306666666,2.4962,1.8164,2.5552,1.8798,4.3658,1.64706666667,1.49786666667,2.53486666667
400.72,1.86533333333,2.55093333333,1.86873333333,2.59086666667,1.923,4.41586666667,1.67586666667,1.53306666667,2.55906666667
401.08,1.835,2.52066666667,1.84573333333,2.54706666667,1.8874,4.3916,1.65453333333,1.51966666667,2.51853333333
401.44,1.821,2.5184,1.83526666667,2.53606666667,1.87806666667,4.39906666666,1.6538,1.52466666667,2.51113333334
401.80,1.7314,2.42406666667,1.7454,2.4568,1.78613333333,4.30293333333,1.5694,1.4328,2.42
402.16,1.67986666667,2.38113333333,1.6922,2.40653333333,1.7098,4.24926666667,1.51813333333,1.382,2.36113333333
402.52,1.66866666667,2.37866666667,1.66926666667,2.3894,1.6832,4.22773333333,1.50926666667,1.36566666667,2.32386666667
402.88,1.64366666666,2.3494,1.62566666667,2.36513333333,1.63953333333,4.21473333334,1.4868,1.33653333333,2.27813333333
403.24,1.59406666667,2.29033333333,1.57653333333,2.31113333334,1.5912,4.14986666667,1.45253333333,1.28753333333,2.21853333333
403.60,1.5016,2.20753333333,1.47926666667,2.22826666667,1.50013333333,4.0698,1.36753333333,1.2034,2.12726666667
403.95,1.47286666667,2.18533333333,1.4532,2.2032,1.4836,4.0578,1.35286666667,1.17313333333,2.09646666666
404.31,1.48913333333,2.19446666667,1.45426666667,2.20813333333,1.49866666667,4.0694,1.36793333333,1.19953333333,2.111
404.67,1.4418,2.15446666667,1.40953333333,2.172,1.4658,4.02873333333,1.34386666667,1.16733333333,2.09013333333
405.03,1.39533333333,2.12,1.3598,2.145,1.42453333333,3.9814,1.2946,1.12646666667,2.05213333333
405.39,1.3672,2.08693333333,1.339,2.13473333333,1.40573333333,3.95553333333,1.27733333333,1.08993333333,2.0294
405.75,1.38046666667,2.10746666667,1.36093333333,2.1492,1.42766666667,3.99193333333,1.30833333333,1.10813333333,2.05513333333
406.11,1.3754,2.0998,1.3592,2.1464,1.44213333333,3.9982,1.3148,1.1072,2.06026666667
406.47,1.36966666667,2.0962,1.35926666667,2.15473333333,1.44646666667,4.00186666667,1.3124,1.11133333333,2.06333333333
406.83,1.38206666667,2.105,1.3678,2.1578,1.47213333333,4.0034,1.333,1.12926666667,2.082
407.19,1.42453333333,2.1506,1.4012,2.1984,1.50933333333,4.06246666667,1.38006666667,1.15386666667,2.123
407.55,1.46886666667,2.1804,1.4346,2.22953333333,1.54926666667,4.1076,1.4228,1.1776,2.16893333333
407.90,1.48713333333,2.1956,1.445,2.243,1.5542,4.10893333333,1.43053333333,1.17806666667,2.18866666667
408.26,1.46873333333,2.18233333333,1.429,2.22573333333,1.53073333333,4.07946666667,1.4124,1.13486666667,2.16546666666
408.62,1.48886666667,2.1936,1.43833333333,2.25346666667,1.5492,4.08726666666,1.42913333333,1.1372,2.16966666667
408.98,1.48,2.18373333333,1.42273333334,2.24546666667,1.5456,4.07113333333,1.42106666667,1.11,2.139
409.34,1.49513333333,2.20066666667,1.43513333333,2.24933333333,1.5494,4.07506666667,1.42193333333,1.1234,2.14526666667
409.70,1.51626666666,2.2224,1.4424,2.25466666667,1.56166666667,4.0794,1.43173333333,1.1314,2.16086666667
410.06,1.55273333333,2.2574,1.4792,2.29826666667,1.5984,4.10406666667,1.4598,1.16626666667,2.19293333333
410.42,1.5996,2.30093333333,1.5216,2.33553333333,1.63873333333,4.131,1.49273333333,1.20493333333,2.2452
410.77,1.57193333333,2.27473333333,1.49486666667,2.30606666667,1.60113333333,4.10933333333,1.45813333333,1.18233333333,2.21186666667
411.13,1.5712,2.25633333333,1.5026,2.30926666667,1.5998,4.0976,1.43726666667,1.18466666667,2.20513333333
411.49,1.5648,2.25726666667,1.5112,2.31626666667,1.60426666667,4.08253333333,1.44553333333,1.18646666667,2.20246666666
411.85,1.53786666667,2.23953333334,1.4836,2.3012,1.58713333333,4.0636,1.42126666667,1.17733333333,2.18113333333
412.21,1.52153333333,2.23286666667,1.45726666667,2.29466666667,1.5792,4.06106666667,1.40293333333,1.1848,2.18886666667
412.57,1.549,2.26426666667,1.49106666667,2.3184,1.61126666667,4.1002,1.41473333333,1.23206666667,2.22113333333
412.92,1.60573333333,2.3136,1.54553333333,2.36333333333,1.6588,4.15686666667,1.4816,1.30366666667,2.286
413.28,1.61066666667,2.314,1.55,2.36413333333,1.67026666667,4.15773333334,1.4916,1.3104,2.29126666667
413.64,1.60313333333,2.29346666667,1.5516,2.36166666667,1.65826666667,4.14973333333,1.47446666667,1.30186666667,2.2678
414.00,1.56946666667,2.254,1.52313333333,2.31973333333,1.61533333333,4.11126666667,1.44893333333,1.26553333333,2.23113333333
414.36,1.51866666667,2.20693333333,1.47553333333,2.27733333333,1.5622,4.08686666667,1.41613333333,1.21033333333,2.17146666667
414.72,1.53546666667,2.21326666667,1.48213333333,2.28673333333,1.57593333333,4.09306666667,1.42546666667,1.21506666667,2.1968
415.07,1.50526666667,2.202,1.45413333333,2.25813333333,1.55793333333,4.0848,1.40393333333,1.1898,2.1782
415.43,1.4904,2.18986666667,1.42793333333,2.2442,1.53626666667,4.06673333333,1.38453333333,1.174,2.1614
415.79,1.49586666667,2.1808,1.43073333333,2.24153333333,1.5348,4.06913333333,1.39726666666,1.16513333333,2.16493333334
416.15,1.5024,2.1806,1.4388,2.23793333333,1.53786666667,4.07506666667,1.40973333333,1.15733333334,2.1508
416.51,1.4714,2.1456,1.40406666667,2.20446666667,1.50573333333,4.04446666667,1.38646666667,1.11586666667,2.12333333333
416.86,1.44846666667,2.12153333333,1.37366666667,2.1956,1.48213333333,4.02686666667,1.36166666667,1.08853333333,2.09653333333
417.22,1.45186666667,2.11766666667,1.374,2.194,1.48,4.0358,1.3666,1.09446666667,2.0934
417.58,1.455,2.1274,1.3802,2.19893333333,1.49406666667,4.04606666667,1.37526666667,1.10386666667,2.1084
417.94,1.46446666667,2.13706666667,1.382,2.20553333334,1.5134,4.05193333333,1.37866666667,1.10673333333,2.11566666667
418.29,1.45573333333,2.12186666667,1.37226666667,2.19473333333,1.51386666667,4.03153333333,1.36873333333,1.10113333333,2.11693333333
418.65,1.44913333333,2.11253333333,1.36293333333,2.18533333333,1.50413333333,4.02593333333,1.361,1.0894,2.1014
419.01,1.4624,2.1192,1.36933333333,2.1938,1.51426666667,4.0158,1.37226666667,1.09586666667,2.10933333333
419.37,1.46766666667,2.12906666667,1.38053333333,2.19046666667,1.5242,4.02453333333,1.37893333333,1.10126666667,2.1194
419.73,1.47633333333,2.1368,1.39053333333,2.20273333333,1.53633333333,4.02346666667,1.3812,1.112,2.1202
420.08,1.46313333333,2.12353333333,1.3788,2.1906,1.52393333333,4.0006,1.36166666667,1.09926666667,2.1056
420.44,1.46046666667,2.1236,1.37506666667,2.18213333333,1.52053333333,3.99406666667,1.35926666666,1.097,2.09913333333
420.80,1.44046666667,2.10666666667,1.36146666667,2.16126666667,1.51026666667,3.97473333333,1.34686666667,1.082,2.0922
421.16,1.4196,2.0928,1.34313333333,2.1406,1.49306666667,3.95146666667,1.32906666667,1.06466666667,2.07186666667
421.51,1.4204,2.09786666667,1.34073333333,2.13973333334,1.49646666667,3.95073333333,1.32586666667,1.0592,2.0652
421.87,1.40586666667,2.08273333333,1.3248,2.1284,1.47553333333,3.9368,1.3114,1.05093333333,2.0476
422.23,1.41413333333,2.09693333333,1.3274,2.13473333333,1.4772,3.94473333333,1.318,1.06333333333,2.05326666667
422.58,1.40473333333,2.09626666667,1.32533333333,2.13146666667,1.47806666667,3.937,1.31406666667,1.06153333333,2.05086666667
422.94,1.40126666667,2.10053333333,1.3288,2.1346,1.4784,3.94373333333,1.3162,1.06826666667,2.048
423.30,1.40033333333,2.09506666667,1.32653333333,2.14133333333,1.47026666667,3.94206666667,1.312,1.07193333333,2.03953333333
423.66,1.38326666667,2.07893333333,1.31273333333,2.12026666667,1.45213333333,3.92686666667,1.29826666667,1.0594,2.02933333333
424.01,1.4024,2.097,1.3332,2.14333333333,1.47466666667,3.95233333333,1.3186,1.08733333333,2.05966666666
424.37,1.40306666667,2.09886666667,1.3332,2.1504,1.46766666667,3.95326666667,1.31013333333,1.08926666667,2.05973333333
424.73,1.4186,2.11213333333,1.34706666667,2.1644,1.47653333333,3.96066666667,1.3074,1.1002,2.06533333333
425.08,1.42493333333,2.11926666667,1.35633333333,2.17706666667,1.48033333333,3.96566666667,1.3098,1.1042,2.0806
425.44,1.40733333333,2.11066666667,1.34006666667,2.16733333333,1.46093333333,3.9444,1.30226666667,1.0978,2.07313333333
425.80,1.41246666667,2.11726666667,1.34526666667,2.16993333333,1.46146666667,3.94813333334,1.30826666667,1.10066666667,2.07453333333
426.16,1.39673333333,2.0936,1.335,2.15813333333,1.445,3.929,1.28813333333,1.08113333333,2.05566666667
426.51,1.40946666667,2.0958,1.34213333333,2.16946666667,1.44213333333,3.92753333333,1.29386666667,1.084,2.0556
426.87,1.40393333333,2.08053333333,1.32793333333,2.16286666667,1.42886666667,3.918,1.27853333333,1.06693333333,2.05513333333
427.23,1.39746666667,2.07513333333,1.32246666667,2.14793333333,1.43333333333,3.9156,1.26926666667,1.0556,2.053
427.58,1.40326666667,2.083,1.32113333333,2.15846666667,1.44406666667,3.9184,1.2678,1.05733333333,2.0606
427.94,1.39346666667,2.07366666667,1.30266666667,2.1514,1.43233333333,3.89953333333,1.25613333333,1.03633333333,2.04406666667
428.30,1.38946666667,2.05873333333,1.30253333333,2.14373333333,1.4328,3.89366666667,1.2588,1.01626666667,2.04533333333
428.65,1.39,2.06006666667,1.30353333333,2.13886666667,1.42626666667,3.89246666667,1.27506666667,1.0138,2.05053333333
429.01,1.4086,2.07353333333,1.31466666667,2.1446,1.44893333333,3.91333333333,1.29,1.0252,2.0706
429.37,1.41733333333,2.06813333333,1.322,2.14713333334,1.4504,3.92406666666,1.2842,1.0246,2.0722
429.72,1.438,2.08426666667,1.3338,2.1666,1.4712,3.9424,1.2882,1.03606666667,2.09666666667
430.08,1.46246666667,2.11586666667,1.35886666667,2.1982,1.50053333333,3.9666,1.31586666667,1.0568,2.1262
430.44,1.44886666667,2.10766666667,1.3456,2.1832,1.504,3.968,1.30266666667,1.04786666667,2.12133333333
430.79,1.4438,2.10006666667,1.3418,2.1754,1.49906666667,3.95206666667,1.29846666667,1.04273333333,2.10293333333
431.15,1.45006666667,2.09666666667,1.35186666667,2.1888,1.49753333333,3.94826666667,1.30786666667,1.04346666667,2.1152
431.50,1.45526666667,2.10286666667,1.35046666667,2.191,1.4982,3.9532,1.3154,1.04293333333,2.11673333333
431.86,1.431,2.08806666667,1.33626666667,2.17286666667,1.4864,3.94286666667,1.30653333333,1.03566666667,2.10466666667
432.22,1.435,2.09546666667,1.33853333333,2.1796,1.4896,3.94493333333,1.3114,1.05846666667,2.10833333333
432.57,1.42213333333,2.08273333333,1.328,2.17526666667,1.487,3.94206666667,1.3028,1.05393333333,2.10046666667
432.93,1.40373333333,2.06413333333,1.3066,2.16273333333,1.47006666667,3.9198,1.28886666667,1.03906666667,2.0748
433.29,1.4016,2.06953333333,1.31546666667,2.16346666667,1.48026666667,3.91973333333,1.2954,1.04386666667,2.08426666667
433.64,1.38053333333,2.06153333333,1.30993333333,2.1496,1.46233333333,3.9006,1.28373333333,1.0314,2.07166666667
434.00,1.36913333333,2.04826666667,1.29793333333,2.1348,1.4536,3.88946666667,1.2744,1.024,2.05806666667
434.35,1.36926666666,2.05446666667,1.30533333333,2.145,1.45866666667,3.8894,1.2784,1.03606666667,2.06913333333
434.71,1.37266666667,2.0654,1.31453333333,2.15573333333,1.4618,3.901,1.29113333333,1.04733333333,2.07926666667
435.07,1.3782,2.08486666667,1.31633333333,2.1692,1.46853333333,3.90526666667,1.29666666667,1.062,2.07773333334
435.42,1.37393333333,2.084,1.31486666667,2.16733333333,1.458,3.9028,1.2964,1.062,2.07546666667
435.78,1.38653333333,2.09166666666,1.3336,2.1796,1.46006666667,3.9124,1.304,1.0688,2.08773333333
436.13,1.38046666667,2.0926,1.3282,2.17593333333,1.4578,3.90553333333,1.29866666667,1.0526,2.0782
436.49,1.37566666667,2.08026666667,1.31706666667,2.16133333333,1.4468,3.89066666667,1.27926666667,1.0324,2.06266666667
436.84,1.36153333333,2.0684,1.30446666667,2.15253333333,1.4314,3.8844,1.26166666667,1.01513333333,2.0486
437.20,1.36026666667,2.0518,1.28173333333,2.14066666667,1.41546666667,3.87093333333,1.24446666667,0.9992,2.02666666667
437.56,1.36453333333,2.0416,1.26993333333,2.14073333333,1.41693333333,3.86626666667,1.24526666667,0.9932,2.01713333333
437.91,1.37646666667,2.05926666667,1.28273333333,2.16013333333,1.42726666667,3.88793333333,1.2594,1.00513333333,2.03413333333
438.27,1.38686666667,2.05853333333,1.2744,2.16526666667,1.4212,3.88493333333,1.2632,1.0,2.034
438.62,1.38986666667,2.05253333333,1.27493333333,2.1624,1.42613333333,3.8768,1.25846666667,1.00546666667,2.03173333333
438.98,1.3836,2.03966666667,1.26773333333,2.1504,1.41933333333,3.86886666667,1.25826666667,0.996200000001,2.03173333333
439.33,1.37053333333,2.03,1.26313333333,2.14173333333,1.41686666667,3.8618,1.24533333333,0.987666666665,2.02106666667
439.69,1.37193333333,2.03406666667,1.26093333333,2.1372,1.42013333333,3.8548,1.24153333333,0.990533333333,2.01833333334
440.04,1.36253333333,2.02533333333,1.25173333333,2.12453333333,1.41513333333,3.8514,1.23553333334,0.986400000001,2.01473333333
440.40,1.36926666667,2.0348,1.26313333333,2.1304,1.422,3.85753333333,1.2496,0.994066666668,2.0222
440.75,1.3762,2.04406666667,1.27386666667,2.13246666667,1.4228,3.85526666667,1.25873333333,1.0024,2.0232
441.11,1.3696,2.04406666667,1.27406666667,2.13473333333,1.41906666667,3.8562,1.26393333333,0.997733333333,2.02913333333
441.47,1.37986666667,2.0676,1.28793333333,2.1502,1.44106666667,3.87446666666,1.2844,1.0146,2.0512
441.82,1.37733333333,2.05966666667,1.28226666667,2.13926666667,1.43826666667,3.86053333333,1.275,1.00533333333,2.04293333333
442.18,1.36733333333,2.05533333333,1.2886,2.13306666667,1.4392,3.85453333333,1.26973333333,1.00253333333,2.0382
442.53,1.37046666667,2.0654,1.29373333333,2.139,1.44013333333,3.86806666667,1.27726666667,1.00246666667,2.046
442.89,1.36333333333,2.06113333333,1.29126666667,2.1258,1.43213333333,3.8666,1.2672,0.992266666667,2.03946666667
443.24,1.37113333333,2.06646666667,1.2958,2.12753333333,1.43273333333,3.8704,1.27746666667,0.997933333333,2.04206666667
443.60,1.3582,2.05713333333,1.28006666667,2.12166666667,1.41713333333,3.86806666666,1.27,0.979133333333,2.02813333333
443.95,1.37606666667,2.0694,1.2886,2.13953333334,1.42253333334,3.8832,1.27766666667,0.990000000001,2.0408
444.31,1.38133333333,2.06806666667,1.29206666667,2.153,1.42513333333,3.886,1.28253333333,1.00073333333,2.05193333333
444.66,1.38446666667,2.06693333333,1.2962,2.157,1.43473333333,3.88973333333,1.2858,1.00593333333,2.06113333334
445.02,1.38766666667,2.06886666667,1.2992,2.16133333333,1.44033333333,3.8898,1.28406666667,1.0146,2.06406666667
445.37,1.36766666667,2.04093333333,1.2812,2.13793333333,1.41326666667,3.86846666667,1.25673333333,0.9916,2.04033333333
445.72,1.35473333333,2.0288,1.26766666667,2.12453333333,1.3996,3.85986666667,1.24946666667,0.983866666668,2.0298
446.08,1.35733333333,2.02993333333,1.265,2.1262,1.401,3.86553333334,1.2506,0.987466666666,2.03093333333
446.43,1.33313333333,2.005,1.2358,2.10173333333,1.3806,3.8474,1.2266,0.963466666667,2.0088
446.79,1.33286666667,2.00833333333,1.23206666667,2.1084,1.38166666667,3.85373333333,1.22526666667,0.966533333333,2.00933333333
447.14,1.32893333333,2.00426666667,1.22986666667,2.10866666667,1.38106666667,3.8498,1.2184,0.962266666665,2.00466666667
447.50,1.336,2.0066,1.23773333333,2.11093333333,1.38986666667,3.85433333333,1.22346666667,0.9708,2.01606666667
447.85,1.31946666667,1.9904,1.22273333333,2.09466666667,1.38246666667,3.83753333333,1.21073333333,0.955266666665,1.99866666667
448.21,1.30153333333,1.9792,1.20466666666,2.07573333333,1.36593333333,3.8286,1.18773333334,0.937666666667,1.9724
448.56,1.2908,1.96246666667,1.18626666667,2.06986666667,1.3544,3.82293333333,1.174,0.919133333333,1.9642
448.92,1.2908,1.9618,1.1814,2.06906666667,1.34953333333,3.81706666667,1.17166666667,0.913266666666,1.96206666667
449.27,1.32133333333,1.99586666667,1.2152,2.1028,1.3792,3.83873333334,1.20253333333,0.945466666667,1.9918
449.62,1.33366666667,2.0068,1.2236,2.11453333333,1.3892,3.83846666667,1.20626666667,0.949133333335,2.0026
449.98,1.3314,2.0014,1.21806666667,2.10693333333,1.3776,3.8324,1.1988,0.938866666665,1.9968
450.33,1.3492,2.014,1.23486666667,2.12286666667,1.38913333333,3.82846666667,1.21473333333,0.950600000001,2.01533333333
450.69,1.34553333333,2.00346666667,1.22906666667,2.1138,1.38433333333,3.81166666667,1.21106666667,0.947733333332,2.0092
451.04,1.3512,2.00366666667,1.22806666667,2.11373333333,1.38626666667,3.8164,1.20966666667,0.943733333334,2.0112
451.40,1.34773333333,1.99373333333,1.22786666667,2.11406666667,1.37606666667,3.80346666667,1.19766666666,0.935866666668,2.0034
451.75,1.36513333333,2.01333333333,1.24986666667,2.13,1.3872,3.81206666667,1.21253333333,0.954333333335,2.02053333333
452.10,1.37806666667,2.02706666667,1.26713333333,2.14693333333,1.40286666667,3.8198,1.2344,0.971333333332,2.0488
452.46,1.3888,2.044,1.2814,2.155,1.40993333333,3.81826666667,1.248,0.991733333333,2.04926666667
452.81,1.401,2.05813333333,1.29786666667,2.1646,1.4248,3.841,1.2624,1.01573333333,2.06473333333
453.17,1.39073333333,2.04073333333,1.28066666667,2.146,1.4134,3.83533333333,1.24486666667,1.00086666667,2.05153333334
453.52,1.38573333333,2.03906666667,1.28446666666,2.15,1.41233333334,3.84733333333,1.2436,1.01073333333,2.0548
453.87,1.38406666667,2.03813333333,1.29093333333,2.15353333333,1.4194,3.85346666667,1.2462,1.01406666667,2.06046666667
454.23,1.3806,2.04126666667,1.29666666667,2.14846666667,1.41933333333,3.86173333333,1.2468,1.0178,2.06233333333
454.58,1.38113333333,2.03406666667,1.29953333333,2.1516,1.41226666667,3.84906666667,1.24433333333,1.0096,2.0586
454.93,1.3922,2.04353333333,1.3136,2.1678,1.42206666667,3.85426666667,1.26433333333,1.02366666667,2.07366666667
455.29,1.4152,2.06353333333,1.32206666667,2.1864,1.44806666667,3.8724,1.2908,1.04313333333,2.09653333333
455.64,1.4214,2.07526666667,1.3268,2.20266666667,1.458,3.88046666667,1.29773333333,1.0532,2.10886666667
456.00,1.4056,2.059,1.30773333334,2.18106666667,1.44126666667,3.86513333333,1.282,1.03826666667,2.08533333333
456.35,1.41226666667,2.07326666667,1.32066666667,2.1884,1.4522,3.88113333333,1.29506666667,1.05066666667,2.1004
456.70,1.41106666667,2.07973333333,1.3232,2.19233333333,1.45353333333,3.87526666667,1.29453333333,1.03773333333,2.10206666667
457.06,1.38313333333,2.05693333333,1.2996,2.1698,1.4286,3.85173333333,1.27,1.00826666667,2.0814
457.41,1.37746666667,2.04726666667,1.28746666667,2.15433333333,1.41966666667,3.84606666667,1.2632,0.989666666667,2.068
457.76,1.3778,2.0566,1.28186666667,2.15786666667,1.41653333333,3.84926666667,1.26793333333,0.989866666667,2.07153333333
458.12,1.38246666667,2.06226666667,1.28146666667,2.16693333334,1.4216,3.84866666667,1.26933333333,0.987200000001,2.07153333333
458.47,1.37346666667,2.0612,1.27126666667,2.15926666667,1.4172,3.85346666667,1.25693333333,0.975666666667,2.07013333333
458.82,1.36706666667,2.0528,1.2654,2.15093333333,1.41093333333,3.85006666667,1.24966666667,0.970466666667,2.06673333333
459.18,1.34833333333,2.03873333333,1.2528,2.136,1.39126666667,3.8344,1.23006666667,0.955266666665,2.04706666667
459.53,1.341,2.03366666667,1.25186666667,2.13066666667,1.38566666667,3.82886666667,1.23093333333,0.947999999999,2.0412
459.88,1.36153333333,2.0504,1.2694,2.1526,1.40706666667,3.8442,1.24746666667,0.9652,2.06346666667
460.24,1.35706666667,2.0448,1.2634,2.15066666667,1.4038,3.8418,1.23786666667,0.957066666667,2.06326666667
460.59,1.3406,2.0228,1.2478,2.13053333333,1.38646666667,3.82926666667,1.2214,0.942666666667,2.04433333333
460.94,1.3482,2.03253333333,1.251,2.1398,1.39086666667,3.83233333333,1.2264,0.952599999999,2.0478
461.29,1.34986666667,2.03886666667,1.25766666667,2.14366666667,1.39413333333,3.824,1.22753333334,0.956266666667,2.0514
461.65,1.3496,2.03213333333,1.2598,2.13866666667,1.3952,3.8134,1.223,0.954733333334,2.0458
462.00,1.3562,2.03333333333,1.26526666667,2.1476,1.40546666667,3.82113333333,1.22906666667,0.965,2.05146666667
462.35,1.38353333333,2.0596,1.2928,2.1712,1.43386666667,3.84026666667,1.25366666667,0.996600000001,2.07453333333
462.71,1.3728,2.05973333333,1.28446666667,2.16566666666,1.43313333333,3.8318,1.24506666667,0.991399999999,2.0732
463.06,1.38266666667,2.07473333333,1.29526666667,2.17746666667,1.4524,3.8472,1.25933333333,1.00286666667,2.09046666667
463.41,1.40506666667,2.09133333333,1.31153333333,2.18893333333,1.47093333333,3.87413333333,1.27353333334,1.02706666667,2.11093333333
463.76,1.41626666667,2.10553333333,1.3158,2.1908,1.47126666667,3.88153333333,1.27546666667,1.03033333333,2.118
464.12,1.41813333333,2.10093333334,1.31726666667,2.19053333333,1.47233333333,3.88246666667,1.27786666667,1.02986666667,2.11693333333
464.47,1.4184,2.09693333333,1.31026666667,2.1906,1.46986666667,3.87906666666,1.2788,1.02546666667,2.11313333333
464.82,1.39786666667,2.07273333333,1.29113333333,2.17233333333,1.4512,3.86246666667,1.27033333334,1.0064,2.09666666667
465.17,1.38986666667,2.06606666667,1.27826666667,2.16513333333,1.4404,3.8606,1.26653333333,0.999266666665,2.08686666666
465.53,1.383,2.06093333333,1.27546666667,2.17326666667,1.44006666667,3.86626666667,1.2668,0.997666666666,2.08826666667
465.88,1.37086666667,2.05273333333,1.26773333333,2.16346666667,1.42626666667,3.85513333333,1.25293333333,0.982533333333,2.08786666667
466.23,1.337,2.02713333333,1.24253333333,2.1386,1.40213333333,3.83606666667,1.22386666667,0.956933333335,2.0648
466.58,1.33446666667,2.01853333333,1.2386,2.12913333333,1.38926666667,3.8366,1.21533333333,0.954200000001,2.05806666667
466.94,1.31473333333,1.9982,1.21606666667,2.1084,1.36413333333,3.81913333333,1.1928,0.933133333333,2.03506666667
467.29,1.28513333333,1.97106666667,1.1898,2.08613333333,1.3302,3.7848,1.16033333333,0.906800000001,1.99926666667
467.64,1.25313333333,1.94406666667,1.1672,2.0584,1.2996,3.76093333333,1.13386666667,0.881733333333,1.96366666667
467.99,1.25793333333,1.95513333333,1.16766666667,2.0584,1.29773333333,3.75926666667,1.136,0.885999999999,1.96506666667
468.35,1.2772,1.97233333333,1.18513333333,2.07006666667,1.3144,3.7666,1.149,0.904266666666,1.98453333333
468.70,1.29053333333,1.987,1.20366666667,2.08806666667,1.3298,3.78626666667,1.16006666667,0.9226,2.00166666667
469.05,1.29626666667,1.9878,1.21086666667,2.09533333333,1.33866666667,3.78666666667,1.15846666667,0.924866666667,2.01433333333
469.40,1.295,1.99566666666,1.21146666667,2.09073333333,1.3382,3.78913333333,1.14926666667,0.922733333333,2.015
469.75,1.30226666667,2.00166666667,1.21013333333,2.09386666667,1.34446666667,3.79546666667,1.15373333333,0.922000000001,2.0104
470.11,1.32126666666,2.00953333333,1.21813333333,2.11426666667,1.3568,3.80146666667,1.1786,0.933933333333,2.03173333333
470.46,1.32433333333,2.01693333333,1.22786666667,2.12806666667,1.3688,3.8022,1.1858,0.940066666666,2.03913333333
470.81,1.35913333333,2.05026666667,1.27066666667,2.16306666666,1.40146666667,3.83606666667,1.22386666667,0.9742,2.0742
471.16,1.35626666667,2.05246666667,1.27426666667,2.1612,1.4042,3.841,1.23506666667,0.971999999999,2.091
471.51,1.37606666667,2.07366666667,1.3026,2.1938,1.44006666667,3.86566666667,1.26973333333,1.00093333333,2.13426666667
471.87,1.3746,2.07566666667,1.30826666667,2.20413333334,1.4436,3.8606,1.27193333333,1.00013333333,2.14453333333
472.22,1.35833333333,2.07233333333,1.29793333333,2.2058,1.43826666667,3.8646,1.2588,0.985133333334,2.1362
472.57,1.38293333333,2.104,1.3144,2.22293333333,1.46826666667,3.87946666666,1.27893333333,1.00566666667,2.16186666667
472.92,1.38013333333,2.1144,1.31146666667,2.2328,1.4722,3.8872,1.28393333333,1.00986666667,2.1634
473.27,1.38253333333,2.11466666667,1.3072,2.23586666667,1.472,3.8778,1.2912,1.0106,2.16486666667
473.62,1.39346666666,2.1338,1.32593333333,2.2508,1.4822,3.88926666667,1.2988,1.03886666667,2.18
473.98,1.408,2.1476,1.34733333333,2.2574,1.49233333333,3.90926666667,1.30446666667,1.0528,2.181
474.33,1.42133333333,2.1604,1.35373333333,2.26626666667,1.49886666667,3.9228,1.31486666667,1.06006666667,2.18546666667
474.68,1.4096,2.14406666667,1.3274,2.2514,1.4838,3.90226666667,1.28846666667,1.04493333333,2.17093333333
475.03,1.42,2.1558,1.33306666667,2.2678,1.50013333333,3.91533333333,1.28793333333,1.05373333333,2.181
475.38,1.41493333333,2.1468,1.3188,2.26133333333,1.48553333333,3.9128,1.26866666667,1.0394,2.17046666667
475.73,1.41093333333,2.14266666667,1.3088,2.26146666667,1.48,3.92533333333,1.2614,1.03293333333,2.16346666667
476.08,1.40453333333,2.1296,1.2996,2.2522,1.46846666667,3.9154,1.25026666667,1.03406666667,2.15913333333
476.44,1.40413333333,2.12053333333,1.30646666667,2.25393333333,1.46046666666,3.9238,1.2488,1.03093333333,2.16166666667
476.79,1.40346666667,2.1082,1.30786666667,2.24393333333,1.4544,3.92053333333,1.25233333333,1.02473333333,2.15773333333
477.14,1.39506666667,2.09673333333,1.29433333333,2.22873333333,1.44066666667,3.91166666667,1.24333333333,1.0088,2.1408
477.49,1.387,2.07673333333,1.2868,2.2116,1.4256,3.89533333333,1.23746666667,0.989000000001,2.12733333333
477.84,1.365,2.05686666667,1.26086666667,2.1902,1.40093333333,3.8718,1.21973333334,0.969066666667,2.1034
478.19,1.35,2.04306666667,1.25486666667,2.1672,1.38513333333,3.8546,1.20286666667,0.949533333333,2.08726666667
478.54,1.3322,2.03193333333,1.25213333333,2.15793333333,1.374,3.84,1.20113333333,0.938800000001,2.07953333333
478.89,1.33346666667,2.0258,1.25326666667,2.1526,1.3778,3.82533333333,1.203,0.936466666668,2.0748
479.24,1.32113333333,2.00213333333,1.23826666667,2.13,1.36493333333,3.8064,1.19393333334,0.924466666667,2.05893333333
479.60,1.30686666667,1.98406666667,1.222,2.11566666667,1.3516,3.7878,1.1832,0.912866666666,2.0452
479.95,1.30173333333,1.97326666667,1.21166666667,2.10046666667,1.34513333333,3.7764,1.1814,0.898866666667,2.0362
480.30,1.29426666667,1.96833333333,1.20153333333,2.093,1.33806666667,3.77053333333,1.17513333333,0.895266666667,2.02493333333
480.65,1.29733333333,1.9668,1.19613333334,2.09746666667,1.3322,3.7708,1.1682,0.894466666667,2.0288
481.00,1.30486666667,1.971,1.20006666667,2.10873333333,1.3444,3.7834,1.17326666667,0.907400000001,2.04846666667
481.35,1.30933333333,1.98166666667,1.20013333333,2.11313333333,1.35253333333,3.80886666667,1.18106666667,0.909066666667,2.06253333333
481.70,1.3218,1.9958,1.21086666667,2.1268,1.36433333333,3.823,1.19013333333,0.914799999999,2.08366666667
482.05,1.33606666667,2.01066666667,1.21693333333,2.1426,1.37846666667,3.84326666666,1.20586666667,0.932133333334,2.1034
482.40,1.3452,2.02413333333,1.22213333333,2.15286666667,1.38726666667,3.8646,1.21446666667,0.942466666666,2.10913333333
482.75,1.34586666667,2.02613333333,1.22006666667,2.15313333333,1.38446666667,3.87273333333,1.21886666667,0.944999999999,2.10946666667
483.10,1.35393333333,2.0392,1.22953333333,2.15966666666,1.392,3.8816,1.22953333333,0.952866666667,2.1182
483.45,1.35853333333,2.0436,1.23613333333,2.15993333333,1.39446666667,3.88273333333,1.23353333333,0.955266666667,2.11966666666
483.80,1.3648,2.05306666667,1.24586666666,2.16826666667,1.39786666667,3.88926666667,1.24046666667,0.961200000001,2.12626666667
484.15,1.3624,2.052,1.2452,2.1662,1.395,3.89313333333,1.23773333334,0.956800000001,2.12846666667
484.50,1.3628,2.05533333333,1.24846666667,2.16746666667,1.39793333333,3.89473333333,1.24073333333,0.959800000001,2.12926666667
484.85,1.36266666667,2.05993333333,1.2526,2.16793333333,1.39906666667,3.89806666667,1.2452,0.960800000001,2.12866666667
485.20,1.36773333333,2.06686666667,1.25993333333,2.17653333333,1.40306666667,3.89993333333,1.25046666667,0.968466666668,2.13146666667
485.55,1.36426666667,2.07006666667,1.26233333333,2.17686666667,1.40493333333,3.9022,1.2546,0.971066666667,2.1304
485.90,1.36026666667,2.06553333333,1.26133333333,2.17366666667,1.404,3.89733333333,1.25153333333,0.9662,2.12593333333
486.25,1.35493333333,2.06053333333,1.25893333333,2.16486666667,1.4008,3.8846,1.2462,0.959200000001,2.1224
486.60,1.3546,2.05846666667,1.25493333333,2.16286666667,1.399,3.881,1.24493333333,0.956333333333,2.12186666667
486.95,1.35026666667,2.0548,1.25113333333,2.15946666667,1.3964,3.88046666667,1.24066666667,0.955333333334,2.11673333333
487.30,1.3486,2.05206666667,1.24813333333,2.15913333333,1.395,3.8766,1.2374,0.954066666667,2.11846666667
487.65,1.34633333333,2.05366666667,1.24526666667,2.16046666667,1.3972,3.87686666667,1.24026666667,0.955599999999,2.12
488.00,1.35073333333,2.05226666667,1.24566666667,2.1606,1.40133333333,3.87333333333,1.24326666667,0.9624,2.11973333334
488.35,1.35466666667,2.05786666667,1.2506,2.16426666667,1.40873333333,3.88006666667,1.24993333333,0.970066666666,2.1266
488.70,1.36353333333,2.0634,1.2576,2.16473333333,1.41446666667,3.8848,1.25506666667,0.976066666667,2.134
489.05,1.35526666667,2.05186666667,1.2454,2.15253333333,1.40473333334,3.87406666667,1.24573333333,0.964866666667,2.12713333333
489.40,1.36266666667,2.05113333333,1.24353333333,2.1534,1.4062,3.87726666667,1.2468,0.966666666667,2.12893333333
489.75,1.36466666667,2.05433333333,1.24473333333,2.15446666666,1.40286666667,3.8778,1.25066666667,0.968266666667,2.13506666667
490.10,1.37373333333,2.0646,1.25146666667,2.166,1.40613333333,3.88673333333,1.26026666667,0.980199999999,2.14426666667
490.45,1.3742,2.06593333333,1.25953333333,2.16913333333,1.40866666667,3.88766666666,1.26113333333,0.979533333335,2.14553333333
490.80,1.37553333333,2.0676,1.26153333333,2.17133333333,1.4088,3.88153333333,1.26106666667,0.978933333333,2.15086666667
491.15,1.384,2.08213333333,1.2728,2.1816,1.4208,3.89153333333,1.27506666667,0.987800000001,2.15946666667
491.50,1.40053333333,2.09493333333,1.28913333334,2.19586666667,1.436,3.9008,1.287,1.0038,2.17653333333
491.85,1.41113333333,2.1118,1.305,2.20933333333,1.44713333333,3.90793333333,1.3028,1.0098,2.18933333333
492.20,1.4156,2.119,1.31206666667,2.21273333333,1.4518,3.9122,1.3088,1.01546666667,2.19613333333
492.55,1.41506666667,2.12086666667,1.31073333333,2.2186,1.45253333333,3.91006666667,1.30546666667,1.01493333333,2.197
492.90,1.41413333333,2.1242,1.31493333333,2.221,1.456,3.907,1.3086,1.01953333333,2.19933333333
493.25,1.42006666667,2.13166666667,1.32313333333,2.2274,1.46326666667,3.9058,1.31606666667,1.0272,2.21273333333
493.60,1.42626666667,2.14053333333,1.33013333333,2.23606666667,1.4742,3.91066666667,1.32273333334,1.03286666667,2.21373333333
493.95,1.43653333333,2.14866666667,1.34513333333,2.24446666667,1.48806666667,3.9148,1.3376,1.0402,2.22853333333
494.30,1.46,2.17566666667,1.365,2.26373333333,1.5104,3.93526666667,1.3554,1.06293333333,2.25886666667
494.65,1.47213333333,2.18933333333,1.37726666667,2.28146666667,1.52546666667,3.94946666667,1.3706,1.07586666667,2.27526666667
495.00,1.46453333333,2.1722,1.36706666667,2.27186666667,1.5124,3.94226666667,1.35693333333,1.0678,2.2728
495.34,1.44266666667,2.15233333333,1.3464,2.25033333333,1.4914,3.93133333333,1.33686666667,1.04466666667,2.2558
495.69,1.42186666667,2.13853333333,1.32493333333,2.2412,1.4794,3.9266,1.32246666667,1.0314,2.24633333333
496.04,1.41493333333,2.12826666666,1.30793333333,2.23013333333,1.46113333333,3.91466666667,1.29966666667,1.011,2.23526666667
496.39,1.40533333333,2.10493333333,1.2912,2.21793333333,1.44106666667,3.89786666667,1.28613333333,0.995866666666,2.22246666667
496.74,1.40533333333,2.10353333333,1.28553333333,2.21526666667,1.43946666667,3.89593333333,1.28193333333,0.987333333333,2.2244
497.09,1.40326666667,2.09566666667,1.28626666667,2.21113333333,1.4322,3.89486666667,1.2742,0.982466666665,2.21593333333
497.44,1.41786666667,2.1076,1.2982,2.22473333333,1.44413333333,3.90673333333,1.28806666667,0.999533333334,2.2324
497.79,1.40806666667,2.0968,1.28273333333,2.213,1.43026666667,3.90293333333,1.27086666667,0.990133333332,2.2204
498.14,1.38366666666,2.07066666667,1.25413333333,2.187,1.4018,3.88073333333,1.2498,0.965533333333,2.19026666667
498.48,1.36513333333,2.05406666667,1.23506666667,2.17266666667,1.38906666667,3.8726,1.23353333333,0.951599999999,2.17573333333
498.83,1.3792,2.06866666667,1.2474,2.18233333333,1.4074,3.88713333334,1.24833333333,0.968533333334,2.1852
499.18,1.39713333333,2.0778,1.2672,2.1968,1.41993333333,3.902,1.26246666667,0.982866666666,2.19606666667
499.53,1.3856,2.0578,1.25106666667,2.17933333333,1.4072,3.88513333334,1.24093333333,0.969533333333,2.1822
499.88,1.38566666667,2.05146666666,1.253,2.1796,1.4084,3.88726666667,1.2472,0.967400000001,2.18573333333
500.23,1.39766666667,2.0778,1.26906666667,2.19773333333,1.432,3.90886666667,1.2664,0.9852,2.1972
500.58,1.3816,2.05566666667,1.2546,2.17206666667,1.4112,3.89646666667,1.24406666667,0.970400000001,2.1764
500.92,1.36033333333,2.03713333333,1.2308,2.15466666667,1.39153333333,3.88193333333,1.22693333334,0.951533333333,2.15833333333
501.27,1.32853333333,2.003,1.19993333333,2.11906666667,1.35353333334,3.85493333333,1.1922,0.917466666667,2.12886666667
501.62,1.33566666667,2.0102,1.20213333333,2.1286,1.367,3.86626666667,1.19753333333,0.923866666668,2.1384
501.97,1.36493333333,2.04093333333,1.2342,2.1624,1.40106666666,3.8934,1.23173333333,0.954266666665,2.1758
502.32,1.36973333333,2.04446666667,1.2428,2.1652,1.39746666667,3.89166666667,1.23366666667,0.949400000001,2.18106666667
502.67,1.35766666667,2.03506666667,1.23113333334,2.16226666667,1.3806,3.882,1.22386666667,0.931333333332,2.17533333333
503.01,1.34653333333,2.02826666667,1.21846666667,2.16073333333,1.38146666667,3.87573333333,1.21733333333,0.925066666666,2.16753333333
503.36,1.3606,2.03526666667,1.23226666667,2.17393333333,1.38846666667,3.87553333333,1.2254,0.938133333334,2.18353333333
503.71,1.36113333333,2.03466666667,1.24293333333,2.17166666667,1.3948,3.8804,1.22733333333,0.942066666665,2.18593333333
504.06,1.3758,2.06346666667,1.2714,2.19213333333,1.41493333333,3.90033333333,1.24986666667,0.963933333333,2.2202
504.41,1.42013333333,2.12073333333,1.32753333333,2.25726666667,1.46633333333,3.95833333333,1.3068,1.02073333333,2.28473333333
504.75,1.44986666667,2.14293333333,1.35546666667,2.2916,1.49966666666,3.98393333333,1.3336,1.0552,2.31446666667
505.10,1.47793333333,2.1798,1.39046666666,2.32826666667,1.53973333333,4.01973333333,1.36693333333,1.09086666667,2.34353333333
505.45,1.47146666667,2.1806,1.39026666667,2.32213333333,1.5288,4.01106666667,1.36513333333,1.08906666667,2.33666666667
505.80,1.45006666667,2.16353333333,1.37786666667,2.3006,1.50366666667,3.9972,1.3406,1.0666,2.3222
506.15,1.4778,2.18846666667,1.39866666667,2.322,1.52446666667,4.0234,1.36446666667,1.08673333333,2.33886666667
506.49,1.49153333333,2.20313333333,1.41713333333,2.3338,1.54073333333,4.04606666667,1.3766,1.1116,2.35426666667
506.84,1.51486666667,2.22853333333,1.4436,2.34973333333,1.5554,4.06706666667,1.39306666667,1.12906666667,2.38433333333
507.19,1.5198,2.2472,1.456,2.35953333333,1.56213333333,4.09493333333,1.4064,1.13806666667,2.39386666667
507.54,1.52946666667,2.2506,1.44933333333,2.36733333333,1.565,4.09746666667,1.41966666667,1.14346666667,2.40006666667
507.88,1.49726666667,2.2042,1.40393333333,2.33453333333,1.526,4.06726666667,1.38686666667,1.10626666667,2.3606
508.23,1.475,2.17566666667,1.3718,2.30613333334,1.4992,4.0368,1.362,1.0716,2.3218
508.58,1.44673333334,2.16013333333,1.34426666667,2.27993333333,1.47626666667,4.0124,1.33573333333,1.04593333333,2.29686666667
508.93,1.43393333333,2.141,1.32506666667,2.26653333333,1.457,3.99173333333,1.32186666667,1.02926666667,2.27853333333
509.27,1.45186666667,2.16086666667,1.34173333333,2.29246666667,1.483,4.02626666667,1.3444,1.05073333333,2.306
509.62,1.46126666667,2.16406666667,1.34713333333,2.30726666667,1.49786666667,4.03286666667,1.35953333333,1.064,2.31473333333
509.97,1.4618,2.1632,1.34806666667,2.3108,1.5044,4.02546666667,1.36293333334,1.0688,2.32433333333
510.32,1.45973333333,2.16206666667,1.34906666667,2.31146666667,1.5106,4.02286666667,1.3738,1.06606666667,2.327
510.66,1.47333333333,2.17266666667,1.35886666667,2.32446666667,1.5236,4.03813333333,1.39246666667,1.07813333333,2.337
511.01,1.47526666666,2.1636,1.35386666667,2.31666666666,1.52393333333,4.02506666667,1.40073333333,1.07213333333,2.3372
511.36,1.48253333333,2.17206666667,1.36106666667,2.3308,1.537,4.03253333333,1.4048,1.07093333333,2.34186666667
511.70,1.508,2.19306666667,1.38493333333,2.35533333333,1.56266666667,4.05446666667,1.42053333333,1.09173333333,2.3688
512.05,1.53173333333,2.22046666667,1.41173333333,2.3848,1.592,4.08173333333,1.4478,1.12133333333,2.3998
512.40,1.552,2.23566666667,1.43106666666,2.40426666667,1.61093333333,4.10486666667,1.47193333333,1.14133333333,2.4206
512.75,1.56353333333,2.24193333333,1.43746666667,2.4024,1.6176,4.1076,1.4774,1.14833333333,2.4348
513.09,1.5662,2.23746666667,1.434,2.40146666667,1.61366666667,4.09746666667,1.47206666667,1.14026666667,2.43246666667
513.44,1.5616,2.2276,1.4292,2.3876,1.608,4.08726666667,1.46313333333,1.12973333333,2.4282
513.79,1.56246666667,2.22713333333,1.42946666667,2.3862,1.6036,4.08573333333,1.45406666667,1.12233333333,2.4224
514.13,1.56813333333,2.22513333333,1.42413333333,2.37946666666,1.59226666667,4.08433333333,1.44406666667,1.115,2.4162
514.48,1.54086666667,2.20493333333,1.39513333333,2.3572,1.56633333333,4.0626,1.4136,1.0942,2.3898
514.83,1.55686666667,2.22806666667,1.419,2.3776,1.5834,4.08313333333,1.4248,1.11346666667,2.40213333334
515.17,1.55533333333,2.23993333333,1.42793333333,2.3828,1.58086666667,4.09146666667,1.42946666667,1.1354,2.4074
515.52,1.56373333333,2.24413333333,1.44206666666,2.3814,1.57886666667,4.09373333333,1.4404,1.14433333333,2.41153333333
515.87,1.55006666667,2.22426666667,1.43033333333,2.36346666667,1.56466666667,4.0838,1.42613333333,1.139,2.40393333333
516.21,1.5378,2.21866666667,1.42933333333,2.3522,1.55773333333,4.0778,1.4186,1.1262,2.3974
516.56,1.53106666667,2.21973333333,1.43573333333,2.35686666667,1.55566666667,4.09506666667,1.41886666667,1.12673333333,2.3984
516.91,1.517,2.20866666667,1.4328,2.34193333334,1.54073333333,4.0862,1.40886666667,1.1106,2.38366666667
517.25,1.50293333333,2.19826666667,1.4174,2.337,1.525,4.07453333333,1.395,1.1034,2.36553333334
517.60,1.47866666667,2.1764,1.39353333333,2.31386666667,1.49933333333,4.0608,1.37426666667,1.0848,2.352
517.95,1.48186666667,2.19086666667,1.4024,2.32826666666,1.51206666667,4.07313333333,1.38793333333,1.09213333333,2.37106666667
518.29,1.49013333333,2.1948,1.40973333333,2.3336,1.5224,4.0742,1.3982,1.10273333333,2.37666666667
518.64,1.48733333333,2.1882,1.40113333333,2.33246666667,1.51493333333,4.07,1.392,1.10273333333,2.37413333333
518.99,1.46113333333,2.15833333333,1.37633333333,2.30726666667,1.487,4.0462,1.3632,1.0794,2.35326666667
519.33,1.446,2.14473333333,1.3566,2.29666666667,1.48086666667,4.03366666667,1.34706666667,1.0616,2.33626666667
519.68,1.43786666667,2.1394,1.342,2.28946666667,1.47286666667,4.02166666666,1.338,1.04613333333,2.32473333333
520.02,1.4498,2.14806666667,1.34813333333,2.29926666667,1.48753333334,4.03193333333,1.3462,1.05613333333,2.34013333333
520.37,1.44133333333,2.13746666667,1.3338,2.28593333333,1.48326666667,4.00886666667,1.33653333333,1.0478,2.3318
520.72,1.4326,2.1172,1.31806666667,2.277,1.47593333333,3.9904,1.32766666667,1.0432,2.3248
521.06,1.45106666667,2.13353333333,1.3354,2.29546666667,1.49446666667,4.00893333333,1.33966666667,1.0558,2.35173333333
521.41,1.45946666667,2.14646666666,1.3474,2.3038,1.5124,4.01533333333,1.35086666667,1.07006666667,2.36426666667
521.75,1.46526666667,2.14013333333,1.35106666667,2.30746666667,1.5166,4.011,1.3472,1.07493333333,2.3616
522.10,1.4646,2.13133333333,1.34806666667,2.29646666667,1.508,4.00666666667,1.338,1.0602,2.361
522.45,1.472,2.13586666667,1.35133333333,2.29533333333,1.51553333333,4.01593333333,1.34206666667,1.05833333333,2.36166666667
522.79,1.50146666667,2.1562,1.3668,2.30853333333,1.53933333333,4.03026666666,1.36106666667,1.074,2.3756
523.14,1.51166666667,2.17093333333,1.3806,2.31473333334,1.54233333333,4.0468,1.37773333333,1.08446666667,2.3906
523.48,1.5302,2.1858,1.3944,2.32586666667,1.55093333333,4.0718,1.38966666666,1.1038,2.40913333333
523.83,1.54433333333,2.20093333333,1.41026666667,2.33953333333,1.55946666667,4.08613333333,1.3998,1.12,2.41933333333
524.17,1.566,2.22386666667,1.42946666667,2.36673333333,1.57153333333,4.11033333333,1.41573333334,1.13186666667,2.43806666667
524.52,1.5848,2.2456,1.43853333333,2.38113333333,1.58493333333,4.13053333333,1.4274,1.14393333333,2.4562
524.87,1.59026666667,2.2556,1.44126666667,2.37666666667,1.5906,4.1402,1.43106666667,1.1506,2.45566666667
525.21,1.59566666667,2.26213333333,1.44133333333,2.38126666666,1.59133333333,4.15566666667,1.43773333333,1.1518,2.4598
525.56,1.56813333333,2.24226666667,1.4086,2.349,1.56113333333,4.14053333333,1.4072,1.12166666667,2.43626666667
525.90,1.54573333334,2.23206666667,1.38846666667,2.33446666667,1.54366666667,4.12726666667,1.3914,1.10873333333,2.42193333333
526.25,1.51833333333,2.2114,1.3678,2.31373333333,1.518,4.1094,1.36533333333,1.08733333333,2.41046666667
526.59,1.50426666667,2.20753333333,1.35953333333,2.30526666667,1.50566666667,4.10753333333,1.35853333334,1.06946666667,2.40786666667
526.94,1.49133333333,2.19506666667,1.347,2.29813333333,1.49773333333,4.10006666667,1.34873333333,1.05866666667,2.40326666667
527.28,1.48093333333,2.18293333333,1.3342,2.28953333333,1.48546666667,4.08833333333,1.34046666667,1.04206666667,2.39346666666
527.63,1.47,2.17086666667,1.3188,2.27713333333,1.4698,4.0814,1.33193333333,1.02346666667,2.38306666667
527.97,1.45986666667,2.1602,1.31253333334,2.2646,1.45886666667,4.07466666667,1.325,1.01673333333,2.37606666667
528.32,1.44486666667,2.15006666667,1.30293333333,2.24846666667,1.44406666667,4.06606666667,1.31273333333,1.00513333333,2.36566666667
528.66,1.42766666667,2.1326,1.28853333333,2.23606666667,1.42733333333,4.0528,1.30006666667,0.985866666666,2.35113333333
529.01,1.41873333333,2.12206666667,1.28113333333,2.22706666667,1.41633333333,4.03946666667,1.28993333333,0.973266666667,2.34106666667
529.35,1.43213333333,2.1354,1.29793333333,2.24,1.43066666667,4.0506,1.30433333333,0.984933333332,2.3566
529.70,1.4414,2.14186666667,1.30506666667,2.2472,1.43986666667,4.05686666667,1.31306666667,0.991933333332,2.368
530.04,1.44393333334,2.13866666667,1.3046,2.2472,1.4412,4.05186666667,1.3134,0.988533333334,2.3648
530.39,1.4442,2.13846666667,1.30866666666,2.2498,1.44733333333,4.0538,1.3164,0.9972,2.36993333333
530.73,1.45686666667,2.15426666667,1.3202,2.25566666667,1.4532,4.06273333333,1.3212,1.0084,2.37546666667
531.08,1.46326666667,2.16473333333,1.33266666667,2.26186666667,1.46846666667,4.06886666667,1.32806666667,1.02,2.3888
531.42,1.46153333333,2.16746666666,1.3316,2.26193333333,1.4686,4.0654,1.32666666667,1.0258,2.38973333333
531.77,1.46746666667,2.17406666667,1.3318,2.27206666667,1.47833333333,4.06746666667,1.3304,1.0278,2.3994
532.11,1.46813333333,2.16853333333,1.33186666666,2.27853333333,1.48253333333,4.0628,1.32926666667,1.02593333333,2.40446666667
532.46,1.47506666667,2.17626666667,1.33553333333,2.2854,1.49333333333,4.0658,1.3366,1.0358,2.4134
532.80,1.47966666667,2.17306666667,1.33426666667,2.28453333333,1.49813333333,4.0694,1.3376,1.04006666667,2.41326666667
533.15,1.485,2.17433333333,1.3406,2.29226666667,1.50446666667,4.0736,1.3452,1.05133333333,2.41813333333
533.49,1.5064,2.1908,1.36313333333,2.3132,1.52233333333,4.09946666666,1.36406666667,1.071,2.43666666667
533.84,1.52426666667,2.21233333333,1.3846,2.33453333333,1.5458,4.12246666667,1.38813333334,1.09493333333,2.4664
534.18,1.52286666667,2.20913333333,1.3818,2.33306666667,1.54606666666,4.1256,1.38773333333,1.09446666666,2.46486666667
534.52,1.5226,2.2048,1.38473333333,2.33926666667,1.55093333333,4.126,1.3906,1.09493333333,2.47086666667
534.87,1.514,2.19493333333,1.37786666667,2.33206666667,1.53786666666,4.1152,1.38333333333,1.08533333333,2.45746666667
535.21,1.5242,2.20246666667,1.3906,2.33566666667,1.5422,4.11926666667,1.387,1.08726666667,2.468
535.56,1.52533333333,2.2076,1.39193333333,2.33513333333,1.54153333333,4.122,1.38426666667,1.09266666667,2.46626666667
535.90,1.5434,2.23013333333,1.4068,2.34453333333,1.55373333334,4.1412,1.4054,1.11253333333,2.47586666667
536.25,1.5622,2.25306666667,1.42886666667,2.36213333333,1.56653333333,4.15993333333,1.4216,1.1306,2.49506666667
536.59,1.58353333333,2.28986666667,1.4604,2.39553333333,1.5904,4.1874,1.45306666667,1.16153333333,2.532
536.93,1.58666666667,2.30046666667,1.4646,2.40233333333,1.59106666667,4.19386666667,1.4612,1.16713333333,2.54353333333
537.28,1.58613333333,2.30833333333,1.4656,2.40493333333,1.5972,4.18753333333,1.464,1.17113333333,2.54866666667
537.62,1.58093333333,2.30526666667,1.45533333333,2.3986,1.58766666667,4.18573333333,1.452,1.16726666667,2.5336
537.97,1.6074,2.32766666666,1.477,2.41886666667,1.60366666667,4.19773333333,1.4756,1.18333333333,2.5554
538.31,1.5944,2.31813333333,1.46313333333,2.40606666667,1.58886666667,4.1966,1.46973333334,1.17133333334,2.54573333333
538.65,1.6,2.326,1.4752,2.40673333333,1.59186666667,4.21253333333,1.4754,1.17713333333,2.555
539.00,1.58093333333,2.311,1.45793333333,2.39386666667,1.5824,4.2076,1.46526666667,1.172,2.54513333333
539.34,1.566,2.30086666667,1.4498,2.37786666667,1.57213333334,4.207,1.45366666667,1.159,2.54066666667
539.69,1.56113333333,2.2984,1.44753333333,2.3782,1.57126666667,4.2144,1.44826666667,1.15553333333,2.5442
540.03,1.54786666667,2.28626666667,1.4314,2.36006666667,1.55966666667,4.2046,1.43513333333,1.1432,2.53146666667
540.37,1.54633333333,2.2812,1.42386666667,2.3516,1.559,4.2008,1.42833333333,1.13673333333,2.52433333333
540.72,1.52286666667,2.25613333333,1.39566666667,2.32873333333,1.53766666667,4.17986666667,1.39966666667,1.10413333333,2.4966
541.06,1.48973333333,2.2216,1.357,2.29586666667,1.49646666667,4.15213333333,1.36493333333,1.07086666667,2.46653333333
541.40,1.49206666667,2.22386666667,1.35906666667,2.30213333333,1.49913333333,4.15326666667,1.3746,1.07313333333,2.47346666667
541.75,1.48273333333,2.21633333333,1.3502,2.30113333333,1.48753333333,4.1472,1.36226666667,1.0664,2.4638
542.09,1.49026666667,2.22273333333,1.35826666667,2.30826666667,1.4914,4.1464,1.36266666667,1.07393333333,2.47033333333
542.43,1.5092,2.23813333333,1.3676,2.3304,1.50846666667,4.15993333333,1.37926666667,1.0958,2.4946
542.78,1.5154,2.238,1.37206666667,2.33973333333,1.51073333333,4.1594,1.38333333333,1.09386666667,2.49666666667
543.12,1.517,2.22466666667,1.36486666666,2.3346,1.5078,4.1498,1.38213333333,1.08793333333,2.48846666667
543.46,1.516,2.2188,1.36533333333,2.33413333333,1.50446666667,4.13966666667,1.3808,1.08333333333,2.48773333333
543.81,1.53426666667,2.22886666667,1.38413333334,2.35153333333,1.51686666667,4.1586,1.4002,1.09953333333,2.5106
544.15,1.5222,2.21453333333,1.37473333333,2.34233333333,1.50146666667,4.1464,1.39053333333,1.08373333333,2.50353333333
544.49,1.53073333333,2.22513333333,1.39086666667,2.35306666667,1.51233333333,4.1534,1.40193333333,1.0982,2.51873333333
544.84,1.5524,2.24826666667,1.41946666667,2.37686666667,1.53913333334,4.16973333333,1.4218,1.1174,2.5428
545.18,1.55013333333,2.24733333333,1.41266666667,2.3688,1.53433333333,4.16306666667,1.4138,1.11293333333,2.54613333333
545.52,1.56666666667,2.26546666667,1.4376,2.38173333333,1.55473333333,4.186,1.43726666667,1.1318,2.57053333334
545.87,1.58093333333,2.2772,1.4514,2.3926,1.57033333333,4.19986666667,1.44753333333,1.1472,2.58793333333
546.21,1.5768,2.27433333333,1.4512,2.38673333333,1.56146666667,4.2038,1.44073333333,1.13886666667,2.57853333333
546.55,1.57146666667,2.27946666667,1.4456,2.37913333333,1.55353333334,4.21006666667,1.43706666667,1.14093333333,2.58486666667
546.90,1.58433333333,2.31153333333,1.4718,2.40126666667,1.56153333333,4.23273333333,1.4582,1.15873333333,2.61066666667
547.24,1.60613333333,2.34366666667,1.49406666667,2.43,1.5868,4.26146666667,1.4844,1.181,2.63466666667
547.58,1.59686666667,2.3408,1.4818,2.4262,1.57726666666,4.25893333333,1.46893333333,1.16786666667,2.62626666667
547.92,1.58546666667,2.3218,1.46213333333,2.41566666667,1.55726666666,4.26073333333,1.44773333333,1.15366666667,2.609
548.27,1.599,2.32966666667,1.46453333333,2.42026666667,1.5528,4.2746,1.44773333333,1.16273333333,2.61286666667
548.61,1.61113333334,2.3366,1.46773333333,2.42713333333,1.556,4.29073333333,1.45286666667,1.17173333333,2.62
548.95,1.62486666667,2.356,1.486,2.44126666667,1.562,4.3086,1.4628,1.179,2.62513333333
549.29,1.6104,2.34373333334,1.4554,2.41833333333,1.5408,4.29253333333,1.43546666667,1.15513333333,2.60873333333
549.64,1.59526666667,2.34086666667,1.44266666666,2.41466666667,1.5278,4.29173333333,1.4296,1.13786666667,2.59686666667
549.98,1.58553333333,2.33946666667,1.4438,2.4092,1.5238,4.29133333333,1.42366666667,1.12433333333,2.59833333333
550.32,1.59293333333,2.34266666667,1.4478,2.42253333333,1.53813333333,4.297,1.42506666667,1.12806666667,2.59653333333
550.66,1.59546666667,2.3444,1.44666666667,2.44086666666,1.55666666667,4.31646666667,1.43766666667,1.14586666667,2.5972
551.01,1.59213333333,2.324,1.43906666666,2.4444,1.55106666667,4.32333333333,1.43033333333,1.15153333333,2.5966
551.35,1.58913333333,2.32813333333,1.4576,2.46293333334,1.56493333333,4.3282,1.44993333333,1.1638,2.61333333333
551.69,1.62473333333,2.3734,1.51146666667,2.5018,1.61313333333,4.35866666667,1.49313333334,1.21266666667,2.65766666667
552.03,1.63746666667,2.3982,1.53306666667,2.52693333333,1.64393333333,4.38,1.52746666667,1.24093333333,2.68406666666
552.38,1.63006666667,2.39433333333,1.538,2.52793333333,1.64553333333,4.37433333333,1.52786666666,1.2332,2.6852
552.72,1.6196,2.38373333333,1.53726666667,2.52986666667,1.64193333333,4.3758,1.5212,1.22693333333,2.69146666667
553.06,1.63433333333,2.3904,1.547,2.54626666667,1.652,4.387,1.5408,1.24026666667,2.70313333333
553.40,1.63546666667,2.3852,1.541,2.54353333333,1.6602,4.3776,1.5468,1.24746666667,2.71313333333
553.74,1.655,2.40553333333,1.54993333333,2.56353333333,1.67826666667,4.39726666667,1.5622,1.27053333333,2.73133333333
554.09,1.69353333333,2.44673333333,1.58726666667,2.6004,1.7184,4.43926666667,1.6058,1.3054,2.76666666667
554.43,1.721,2.46453333333,1.60253333333,2.60626666667,1.73033333333,4.445,1.60966666667,1.3112,2.7914
554.77,1.71586666667,2.46986666667,1.60106666667,2.5826,1.7254,4.43066666667,1.60026666667,1.30193333333,2.7856
555.11,1.72233333333,2.4744,1.59,2.58126666667,1.71973333333,4.42766666667,1.5824,1.30766666667,2.78353333333
555.45,1.74226666667,2.4994,1.59486666667,2.6022,1.73106666667,4.4464,1.59513333333,1.31733333333,2.80446666667
555.80,1.758,2.50446666667,1.6046,2.6144,1.7348,4.4506,1.59286666667,1.30893333333,2.824
556.14,1.76526666666,2.51533333333,1.61073333333,2.61393333333,1.7402,4.46946666667,1.60606666667,1.32086666667,2.82986666667
556.48,1.7474,2.4948,1.5896,2.59193333334,1.71813333333,4.465,1.59633333333,1.30653333333,2.80573333333
556.82,1.75253333333,2.5068,1.60246666666,2.6048,1.7308,4.4906,1.59806666666,1.31126666667,2.8122
557.16,1.75906666666,2.51493333333,1.621,2.60953333333,1.73366666667,4.50786666667,1.61153333333,1.3086,2.821
557.50,1.7168,2.46853333333,1.5772,2.5646,1.692,4.4564,1.572,1.2664,2.7908
557.85,1.691,2.44893333333,1.54886666667,2.5272,1.65926666667,4.41613333333,1.53326666667,1.25113333333,2.77933333333
558.19,1.66173333333,2.43213333333,1.5296,2.5034,1.63653333333,4.40386666667,1.51513333334,1.23933333333,2.7486
558.53,1.6432,2.4144,1.51686666667,2.49546666667,1.61933333333,4.39833333334,1.50706666667,1.23806666667,2.7328
558.87,1.63886666667,2.411,1.52933333333,2.49593333333,1.61786666667,4.4116,1.52326666667,1.24453333333,2.73186666667
559.21,1.6548,2.42853333333,1.55073333333,2.51073333333,1.64573333333,4.43026666667,1.54206666667,1.26426666667,2.7426
559.55,1.6406,2.42393333333,1.54186666667,2.49913333333,1.6342,4.44533333333,1.53593333333,1.2512,2.72846666667
559.89,1.62526666667,2.4126,1.52813333333,2.50533333333,1.62553333333,4.45406666667,1.52186666667,1.2478,2.73193333333
560.23,1.64326666667,2.43693333333,1.551,2.5252,1.65073333333,4.46586666667,1.53946666667,1.26866666667,2.74973333333
560.58,1.6468,2.4456,1.54873333333,2.52826666667,1.65173333333,4.45506666667,1.53326666667,1.2776,2.75846666667
560.92,1.65473333333,2.4676,1.554,2.53806666667,1.67126666667,4.47153333333,1.52533333333,1.29193333333,2.76086666667
561.26,1.70106666667,2.5182,1.60153333333,2.5838,1.727,4.5242,1.55933333333,1.33153333333,2.79673333333
561.60,1.7426,2.55186666667,1.65893333333,2.6294,1.76933333333,4.57253333333,1.59773333333,1.36406666667,2.83206666667
561.94,1.76133333333,2.56186666667,1.6778,2.65,1.7934,4.59126666667,1.6136,1.374,2.87073333334
562.28,1.75866666667,2.55806666667,1.6642,2.63646666667,1.77973333333,4.58613333333,1.59713333333,1.3454,2.86873333333
562.62,1.73933333333,2.54133333333,1.63466666666,2.59706666667,1.759,4.5582,1.577,1.304,2.85033333333
562.96,1.71773333333,2.52886666667,1.62306666667,2.56873333333,1.73806666667,4.55366666667,1.5638,1.2974,2.84846666667
563.30,1.68913333333,2.51033333333,1.60846666667,2.5452,1.72526666667,4.52553333333,1.53566666667,1.2868,2.84093333333
563.64,1.70053333333,2.52786666667,1.62453333333,2.54846666667,1.74013333333,4.5314,1.54753333333,1.30013333333,2.84973333333
563.99,1.72046666667,2.54746666667,1.63926666667,2.56866666667,1.7506,4.5538,1.56533333333,1.31853333334,2.87126666667
564.33,1.7192,2.54246666667,1.65686666667,2.571,1.74373333334,4.5588,1.57933333334,1.32186666667,2.87826666667
564.67,1.7106,2.5294,1.6346,2.56246666666,1.71893333333,4.54146666667,1.5744,1.30853333333,2.8748
565.01,1.71346666667,2.5138,1.6292,2.56233333333,1.70546666667,4.53593333333,1.5832,1.30766666667,2.86973333333
565.35,1.71733333333,2.51806666667,1.62753333333,2.56466666667,1.7142,4.54073333333,1.60266666667,1.32166666667,2.8808
565.69,1.7386,2.54286666667,1.65326666667,2.59113333333,1.7318,4.56293333334,1.62553333333,1.35466666667,2.897
566.03,1.77726666666,2.59033333333,1.7032,2.6376,1.78366666667,4.608,1.66973333333,1.40493333333,2.9358
566.37,1.8234,2.62873333333,1.7442,2.68646666667,1.83006666667,4.66213333333,1.70913333333,1.46566666667,2.97806666667
566.71,1.82873333333,2.62526666667,1.7432,2.69966666667,1.83333333333,4.66233333333,1.71053333333,1.47566666667,2.97593333333
567.05,1.853,2.63833333334,1.75633333333,2.72026666667,1.84613333333,4.6818,1.7368,1.5034,2.9806
567.39,1.84906666667,2.626,1.74733333333,2.71233333333,1.8316,4.6718,1.72153333333,1.48993333333,2.97166666667
567.73,1.82186666667,2.6006,1.73093333333,2.6928,1.8152,4.64293333333,1.69506666667,1.46293333334,2.94793333333
568.07,1.8088,2.60433333333,1.72253333333,2.68186666667,1.82606666667,4.64433333333,1.685,1.45993333334,2.95173333333
568.41,1.8164,2.60766666667,1.73973333333,2.67853333333,1.8352,4.65666666667,1.6944,1.4804,2.95886666667
568.75,1.78446666667,2.59346666667,1.71513333334,2.6434,1.8146,4.63593333333,1.67066666667,1.47033333333,2.94006666667
569.09,1.7428,2.55353333333,1.67666666667,2.6086,1.77306666667,4.6066,1.6318,1.42313333333,2.8996
569.43,1.71153333333,2.51893333333,1.63733333333,2.5722,1.73786666666,4.57313333333,1.60173333333,1.38866666667,2.8746
569.77,1.68293333333,2.4852,1.60246666667,2.53426666667,1.7098,4.54213333333,1.56626666667,1.35953333333,2.85353333333
570.11,1.63686666667,2.45386666667,1.5614,2.48913333333,1.6606,4.48126666667,1.506,1.30113333333,2.80606666667
570.45,1.61933333333,2.44233333333,1.5464,2.46526666667,1.635,4.45893333333,1.48446666667,1.27333333334,2.78833333333
570.79,1.61933333334,2.44773333334,1.55406666667,2.45566666667,1.63173333333,4.4546,1.47813333333,1.26733333333,2.7926
571.13,1.65506666667,2.48553333333,1.58866666667,2.4848,1.66373333333,4.48986666667,1.51613333333,1.3024,2.81686666667
571.47,1.6732,2.4984,1.60106666667,2.48946666667,1.674,4.50693333333,1.52726666667,1.31993333333,2.829
571.81,1.6908,2.5058,1.61386666667,2.51,1.68246666667,4.51726666667,1.538,1.32513333333,2.83246666667
572.15,1.69673333333,2.52106666667,1.62486666667,2.52246666667,1.69286666667,4.5326,1.54693333333,1.3252,2.8488
572.49,1.7208,2.55466666667,1.65533333333,2.5542,1.71433333333,4.561,1.57246666667,1.346,2.8668
572.83,1.74613333333,2.5798,1.67213333333,2.5692,1.7332,4.57966666667,1.5924,1.369,2.88686666667
573.17,1.7572,2.5904,1.68733333333,2.58326666667,1.7456,4.58946666667,1.6042,1.374,2.89026666667
573.51,1.7706,2.59586666667,1.69573333333,2.59353333333,1.75433333333,4.589,1.62373333333,1.38453333333,2.887
573.85,1.81473333333,2.62566666667,1.73913333333,2.64073333333,1.80413333333,4.62286666667,1.67213333333,1.435,2.93253333333
574.19,1.82346666667,2.63033333333,1.744,2.65013333333,1.8294,4.63126666667,1.67926666667,1.4528,2.94153333333
574.53,1.8388,2.6388,1.7434,2.6672,1.84213333333,4.6404,1.6942,1.47033333333,2.95006666666
574.87,1.79466666667,2.59233333333,1.70606666667,2.63446666667,1.80026666667,4.58893333333,1.65886666667,1.4394,2.91373333333
575.21,1.80853333333,2.61506666667,1.71786666667,2.643,1.8172,4.61426666667,1.67326666667,1.469,2.9298
575.55,1.818,2.627,1.7252,2.65246666667,1.81806666667,4.61093333333,1.6854,1.4868,2.93186666667
575.89,1.8262,2.64086666667,1.73293333333,2.66846666667,1.83466666667,4.60873333333,1.68733333333,1.50573333333,2.93446666667
576.22,1.79846666667,2.6186,1.7054,2.6494,1.8204,4.58126666667,1.65826666667,1.49253333333,2.918
576.56,1.794,2.62586666667,1.70813333333,2.65066666667,1.82366666667,4.57773333333,1.65013333333,1.50413333333,2.917
576.90,1.86206666667,2.70973333333,1.78453333334,2.7164,1.88833333333,4.64893333334,1.71946666667,1.5974,2.98646666667
577.24,1.91566666667,2.76513333333,1.83713333333,2.76993333333,1.9214,4.69893333333,1.75873333333,1.66713333333,3.0322
577.58,1.9176,2.77273333333,1.8492,2.77646666667,1.91286666666,4.71893333333,1.76886666667,1.68033333333,3.02146666667
577.92,1.9512,2.80966666667,1.8894,2.81306666667,1.9266,4.75746666667,1.8032,1.7142,3.05153333333
578.26,1.95173333333,2.82033333333,1.9178,2.8196,1.93873333333,4.7736,1.8136,1.7382,3.0698
578.60,1.98906666667,2.86733333333,1.96166666667,2.84746666667,1.98166666667,4.82213333333,1.84346666667,1.78513333333,3.11293333333
578.94,1.99253333333,2.87013333333,1.975,2.86326666667,1.98846666667,4.80346666667,1.85406666667,1.78966666667,3.11733333333
579.28,1.97933333333,2.8558,1.96706666667,2.84506666667,1.97906666667,4.79673333333,1.84013333333,1.7954,3.12306666667
579.61,1.96313333333,2.8324,1.96926666667,2.82273333333,1.96066666666,4.79386666667,1.8436,1.80166666667,3.11973333333
579.95,2.0018,2.85413333333,2.02653333333,2.84566666667,1.9876,4.81606666667,1.87233333333,1.8332,3.14533333333
580.29,2.00106666667,2.83906666667,2.0526,2.85093333333,1.97273333333,4.80326666667,1.87953333333,1.85113333333,3.16033333333
580.63,1.91506666667,2.7488,1.983,2.77486666667,1.903,4.718,1.7954,1.76673333333,3.08546666667
580.97,1.86873333333,2.70886666667,1.95346666667,2.73586666667,1.88106666667,4.69053333333,1.7612,1.72246666667,3.06746666667
581.31,1.89126666667,2.72906666667,1.97406666666,2.75026666667,1.89406666667,4.71,1.7684,1.74613333333,3.10546666667
581.65,1.86666666667,2.71513333333,1.95033333333,2.72253333334,1.86973333333,4.66993333333,1.74433333333,1.74606666667,3.08453333333
581.98,1.85333333333,2.69006666667,1.9304,2.70113333333,1.8424,4.63946666667,1.7206,1.72906666666,3.05146666667
582.32,1.90066666667,2.7348,1.97446666667,2.75533333333,1.89973333333,4.679,1.75886666667,1.7762,3.10166666667
582.66,1.97346666667,2.77966666667,2.038,2.80493333333,1.96046666667,4.74633333333,1.82186666667,1.85646666667,3.16
583.00,1.99526666667,2.80846666667,2.06593333333,2.8332,1.99533333333,4.7708,1.83526666667,1.88366666667,3.18026666667
583.34,2.02353333333,2.8408,2.0918,2.85586666667,2.02293333333,4.77673333333,1.83973333333,1.92193333333,3.20746666667
583.68,2.0564,2.87346666667,2.1296,2.8912,2.05066666667,4.80446666667,1.8704,1.983,3.2404
584.01,2.06886666667,2.88733333333,2.1464,2.91426666667,2.08253333333,4.82393333333,1.88326666667,2.00786666667,3.23853333333
584.35,2.12633333333,2.94733333333,2.2058,2.97206666667,2.13086666667,4.88173333333,1.93573333334,2.0872,3.29986666667
584.69,2.14173333333,2.97626666667,2.23026666667,2.99466666667,2.15066666667,4.90486666667,1.95466666666,2.1438,3.32066666667
585.03,2.17346666667,3.00986666667,2.2722,3.018,2.20426666667,4.93506666667,1.98766666666,2.20473333333,3.3474
585.37,2.21753333333,3.0546,2.3594,3.06546666667,2.25073333334,4.99386666667,2.0402,2.27473333333,3.4024
585.70,2.24146666667,3.0906,2.3868,3.08966666667,2.283,5.01186666667,2.05693333333,2.32266666667,3.42153333333
586.04,2.20653333333,3.0686,2.3774,3.0546,2.24366666667,4.9852,2.03773333333,2.31553333334,3.371
586.38,2.16486666667,3.06493333334,2.3796,3.02633333333,2.22693333333,4.9694,2.0028,2.2964,3.3496
586.72,2.1674,3.09393333333,2.41973333333,3.028,2.24793333333,5.01573333333,2.0226,2.3568,3.35786666667
587.06,2.17326666667,3.0896,2.4364,3.02126666667,2.24653333333,5.02426666667,2.0376,2.3866,3.33273333333
587.39,2.1626,3.08553333333,2.43313333333,3.0088,2.27133333333,5.0356,2.03973333333,2.39753333333,3.32853333333
587.73,2.18766666667,3.12166666667,2.46753333333,3.01806666667,2.28666666666,5.06753333333,2.05113333333,2.44453333333,3.3532
588.07,2.17126666667,3.10493333333,2.4624,2.99513333333,2.2784,5.0456,2.02926666667,2.45413333333,3.3254
588.41,2.18926666667,3.10106666667,2.50133333334,2.99493333333,2.3014,5.0436,2.0336,2.48973333333,3.31846666667
588.74,2.1612,3.08413333333,2.5014,2.97613333333,2.278,5.01573333333,2.01013333333,2.48833333333,3.2968
589.08,2.0986,3.02746666667,2.4542,2.90146666667,2.23146666667,4.96366666667,1.9514,2.44766666667,3.2352
589.42,2.0942,3.0368,2.49286666667,2.91106666667,2.25146666667,4.98306666667,1.96846666667,2.48593333333,3.25186666667
589.76,2.06253333333,3.01086666667,2.48906666667,2.89426666667,2.23573333334,4.94226666667,1.94806666667,2.49106666667,3.24146666667
590.09,2.07006666667,3.01213333333,2.50086666667,2.90786666667,2.2486,4.93646666667,1.94393333333,2.53713333333,3.23206666667
590.43,2.06813333333,2.97926666667,2.49373333334,2.88933333333,2.2334,4.88173333333,1.9282,2.54046666667,3.20413333333
590.77,2.06006666667,2.98546666667,2.5204,2.9126,2.24833333333,4.89066666667,1.91286666667,2.56746666667,3.2154
591.11,2.08313333333,3.0156,2.5688,2.9386,2.2762,4.90646666667,1.91806666667,2.6132,3.23626666667
591.44,2.06946666667,3.0,2.5762,2.9274,2.2886,4.89313333333,1.914,2.64273333333,3.21833333333
591.78,2.0238,2.95286666667,2.55326666667,2.85893333333,2.26646666667,4.83826666667,1.85833333333,2.63413333333,3.16686666667
592.12,2.0062,2.944,2.55986666667,2.84726666667,2.26813333333,4.82566666667,1.8468,2.65813333333,3.15946666667
592.46,2.0006,2.93873333333,2.57846666667,2.84033333333,2.27473333333,4.8184,1.84666666667,2.70813333333,3.13853333334
592.79,2.07326666667,3.00146666667,2.66166666667,2.92146666667,2.35853333333,4.8654,1.91946666667,2.84106666667,3.1992
593.13,2.1394,3.06086666667,2.7384,2.963,2.42633333333,4.9084,1.963,2.9446,3.25246666667
593.47,2.20433333333,3.13246666667,2.83493333333,3.0146,2.5074,4.99813333333,2.0326,3.06946666666,3.31433333333
593.80,2.21313333333,3.12893333333,2.86293333333,3.00973333333,2.5054,4.9968,2.03933333333,3.11066666667,3.3258
594.14,2.24446666667,3.1714,2.92653333333,3.042,2.54493333333,5.0338,2.0628,3.18486666667,3.35593333333
594.48,2.27606666667,3.21886666667,2.98366666667,3.05,2.5716,5.05513333333,2.0964,3.262,3.3642
594.81,2.26173333333,3.20673333334,3.01146666667,3.04066666667,2.55693333333,5.05286666667,2.09913333333,3.31866666667,3.35326666667
595.15,2.2718,3.22626666667,3.05826666667,3.04946666667,2.56786666667,5.07613333333,2.11473333333,3.38926666667,3.35973333333
595.49,2.29233333333,3.25033333333,3.12806666667,3.09773333334,2.59366666667,5.1216,2.15653333334,3.46453333333,3.38646666666
595.82,2.29446666667,3.27066666667,3.16053333333,3.09693333334,2.5922,5.1176,2.1538,3.51353333333,3.39146666667
596.16,2.30526666667,3.28893333333,3.19813333333,3.09533333334,2.5996,5.13373333333,2.16126666667,3.555,3.4116
596.50,2.3042,3.2926,3.2104,3.10026666667,2.601,5.13913333333,2.15926666667,3.5804,3.40506666667
596.83,2.27733333333,3.25906666667,3.21533333333,3.0872,2.5688,5.12406666667,2.13246666667,3.60713333333,3.37066666667
597.17,2.26333333333,3.24906666667,3.2126,3.0704,2.54126666667,5.08833333333,2.1064,3.63553333333,3.3404
597.51,2.25006666666,3.24573333333,3.21853333333,3.05713333333,2.53746666666,5.07646666667,2.09913333333,3.67833333333,3.32166666667
597.84,2.22333333333,3.2358,3.21873333333,3.02306666667,2.52366666667,5.05373333333,2.08333333333,3.6936,3.29233333333
598.18,2.18486666666,3.18566666667,3.1978,2.9998,2.49926666667,5.02793333333,2.0484,3.69586666667,3.27353333333
598.52,2.205,3.224,3.25353333333,3.0302,2.53966666667,5.05026666667,2.0724,3.77626666667,3.29426666667
598.85,2.18373333333,3.2052,3.2566,3.0132,2.52426666667,5.007,2.033,3.7874,3.268
599.19,2.21973333333,3.2592,3.30753333333,3.0318,2.57166666667,5.038,2.0634,3.8846,3.3046
599.53,2.2332,3.2846,3.3588,3.05566666667,2.59486666667,5.06273333333,2.0912,3.94273333333,3.3186
599.86,2.25446666667,3.30973333333,3.42126666667,3.1008,2.6406,5.07873333333,2.13666666667,4.03266666667,3.33766666667
600.20,2.22,3.283,3.45266666667,3.0574,2.62146666667,5.04846666667,2.0966,4.07126666667,3.29906666667
600.53,2.1908,3.28273333333,3.4624,3.0044,2.60653333333,5.0192,2.0784,4.09993333333,3.27073333333
600.87,2.2124,3.29426666667,3.52266666667,3.0156,2.64366666667,5.03433333333,2.09206666667,4.17026666667,3.28533333333
601.21,2.21433333333,3.29506666667,3.57546666667,3.00626666667,2.6594,5.04753333333,2.0932,4.235,3.28113333333
601.54,2.21686666666,3.28793333333,3.61233333333,3.01253333333,2.654,5.0584,2.089,4.32853333333,3.28033333333
601.88,2.2522,3.32313333333,3.68513333333,3.02993333333,2.67673333333,5.0662,2.12113333333,4.43026666667,3.29113333334
602.21,2.26213333333,3.30926666667,3.6982,3.01813333333,2.65506666667,5.05006666667,2.12093333333,4.483,3.27386666667
602.55,2.26913333333,3.3312,3.75346666667,3.0186,2.6932,5.07826666667,2.158,4.57413333333,3.2876
602.88,2.32606666667,3.38013333333,3.83773333333,3.0792,2.7498,5.11666666667,2.20833333334,4.69626666666,3.34133333334
603.22,2.3826,3.42386666667,3.9084,3.10473333333,2.80686666667,5.14993333333,2.24386666666,4.81373333333,3.3642
603.56,2.38906666667,3.422,3.93126666667,3.08113333333,2.80853333333,5.1482,2.2234,4.8584,3.3574
603.89,2.43846666667,3.46873333333,3.99393333333,3.11866666667,2.86313333333,5.18893333333,2.26633333333,4.95546666667,3.4026
604.23,2.49273333333,3.505,4.06326666667,3.1776,2.91153333333,5.22613333333,2.3108,5.05066666667,3.44433333333
604.56,2.4892,3.4994,4.07933333333,3.16686666667,2.91353333333,5.22166666667,2.30253333333,5.09566666667,3.4404
604.90,2.50906666667,3.526,4.14073333333,3.1952,2.93773333333,5.24666666667,2.3218,5.16533333334,3.46613333333
605.23,2.55446666667,3.57413333333,4.21606666667,3.24233333333,3.00006666667,5.2682,2.36653333333,5.2396,3.508
605.57,2.5996,3.6206,4.2932,3.27733333333,3.065,5.31086666667,2.41086666667,5.32726666667,3.5454
605.90,2.60953333333,3.63573333333,4.3382,3.28386666667,3.10573333333,5.33053333333,2.421,5.38906666667,3.56266666667
606.24,2.6338,3.64406666666,4.39066666667,3.30053333333,3.12486666667,5.35006666667,2.4256,5.45386666667,3.57973333333
606.58,2.6042,3.61746666667,4.39846666667,3.27486666667,3.1076,5.33773333333,2.39713333333,5.48306666667,3.54593333333
606.91,2.53766666667,3.5664,4.39086666667,3.23126666667,3.06493333333,5.2972,2.34793333333,5.4966,3.51486666667
607.25,2.50266666667,3.54746666667,4.40653333333,3.20726666667,3.05853333333,5.2772,2.33586666667,5.55746666666,3.49413333333
607.58,2.4986,3.5734,4.45366666667,3.19966666667,3.0694,5.27353333333,2.34293333333,5.64306666667,3.501
607.92,2.47333333333,3.561,4.48073333333,3.1644,3.05653333333,5.24906666667,2.32013333333,5.68106666667,3.487
608.25,2.46946666667,3.56013333333,4.51733333333,3.16253333334,3.06586666667,5.2608,2.32386666667,5.7622,3.48733333333
608.59,2.48266666666,3.58273333333,4.54486666667,3.16493333333,3.09613333333,5.2542,2.33546666667,5.8386,3.48133333333
608.92,2.47606666666,3.57893333333,4.57326666667,3.1484,3.09133333333,5.26066666667,2.33233333333,5.90906666666,3.46833333334
609.26,2.434,3.53966666667,4.5666,3.1058,3.05353333334,5.2274,2.297,5.9406,3.44046666667
609.59,2.4084,3.51793333333,4.56893333333,3.07393333333,3.0166,5.19653333333,2.25573333333,5.9542,3.40926666667
609.93,2.40106666667,3.52553333333,4.58366666667,3.0656,3.00833333333,5.17146666667,2.24293333333,5.9836,3.40066666667
610.26,2.38993333333,3.51193333333,4.5932,3.0272,3.0068,5.14053333333,2.22573333333,5.998,3.38013333333
610.60,2.45453333333,3.5816,4.68353333333,3.07526666667,3.06553333333,5.18,2.27053333333,6.09066666667,3.42006666667
610.93,2.4428,3.58153333333,4.70266666667,3.0612,3.05973333333,5.16833333333,2.2446,6.1276,3.41366666667
611.27,2.4302,3.55573333333,4.7044,3.06253333333,3.05026666667,5.1606,2.22653333333,6.14153333333,3.3988
611.60,2.42853333333,3.5666,4.70853333333,3.06953333333,3.07266666667,5.1546,2.22346666667,6.1956,3.39513333333
611.93,2.47693333333,3.61793333333,4.76173333333,3.09433333333,3.11253333333,5.17246666667,2.24093333333,6.26913333333,3.42013333333
612.27,2.48233333333,3.617,4.79186666667,3.0916,3.12393333333,5.15466666667,2.23773333333,6.31606666667,3.43026666667
612.60,2.48106666667,3.6004,4.8152,3.0808,3.12226666667,5.1402,2.222,6.3508,3.43106666667
612.94,2.49266666666,3.61186666667,4.83826666667,3.1126,3.14026666667,5.14493333333,2.22433333333,6.40373333333,3.4386
613.27,2.5414,3.66906666667,4.93526666667,3.17113333333,3.2134,5.2116,2.29773333333,6.54433333333,3.50266666667
613.61,2.6236,3.74646666667,5.03206666667,3.2524,3.31633333333,5.28813333333,2.37586666667,6.6796,3.58486666667
613.94,2.66593333333,3.7906,5.1038,3.31213333333,3.36086666667,5.33286666667,2.41653333333,6.78833333333,3.6282
614.28,2.67053333334,3.79706666667,5.12433333333,3.31573333333,3.37946666667,5.3494,2.44053333333,6.85173333333,3.6422
614.61,2.77006666667,3.8784,5.25166666667,3.39913333333,3.47793333333,5.43766666667,2.53566666667,6.99813333333,3.71026666667
614.94,2.79373333333,3.88413333333,5.303,3.4112,3.5026,5.46066666667,2.55126666667,7.0596,3.71553333333
615.28,2.81226666667,3.88853333333,5.36546666667,3.42853333333,3.52746666667,5.51006666667,2.55313333333,7.1508,3.72113333333
615.61,2.76846666667,3.85366666667,5.37773333334,3.40453333333,3.51006666667,5.50813333333,2.531,7.1688,3.7
615.95,2.77646666667,3.87493333334,5.42626666667,3.4358,3.5242,5.56073333333,2.53966666667,7.24113333333,3.719
616.28,2.76406666667,3.8906,5.46506666667,3.4374,3.5422,5.5714,2.55213333333,7.2904,3.72393333333
616.61,2.78826666667,3.911,5.5324,3.44533333333,3.58033333333,5.59613333333,2.57413333333,7.36426666667,3.7396
616.95,2.801,3.93086666667,5.54953333333,3.4504,3.60186666667,5.5934,2.57633333333,7.4098,3.75166666667
617.28,2.75233333333,3.90666666667,5.55026666667,3.4038,3.55706666667,5.572,2.5444,7.44,3.70813333333
617.62,2.728,3.90033333333,5.55786666667,3.38053333333,3.54586666667,5.56953333333,2.5328,7.47106666667,3.69653333333
617.95,2.7008,3.86753333333,5.55426666667,3.35593333334,3.5184,5.53726666667,2.48186666667,7.4956,3.667
618.28,2.6116,3.77306666667,5.47053333333,3.26646666667,3.4322,5.44846666667,2.37613333333,7.44166666667,3.59906666667
618.62,2.59653333333,3.7786,5.4822,3.2404,3.4184,5.4282,2.35273333333,7.48106666667,3.58433333334
618.95,2.5786,3.77126666667,5.5022,3.22786666667,3.40833333333,5.39833333333,2.35333333333,7.48746666667,3.5768
619.28,2.592,3.7858,5.54806666667,3.25786666667,3.4296,5.3956,2.38673333333,7.54433333333,3.57413333334
619.62,2.59193333333,3.78726666667,5.55233333334,3.22806666666,3.42006666667,5.36326666667,2.39313333333,7.54106666667,3.548
619.95,2.65653333334,3.83306666667,5.62846666667,3.27013333333,3.48613333333,5.424,2.43086666667,7.62893333333,3.59893333333
620.28,2.6584,3.8524,5.6396,3.2474,3.50006666667,5.4166,2.411,7.65113333333,3.6104
620.62,2.663,3.86526666667,5.6892,3.24213333333,3.52246666667,5.42833333333,2.40673333333,7.69006666667,3.59946666667
620.95,2.78053333333,3.93546666667,5.81466666667,3.3384,3.6306,5.5162,2.50833333333,7.8136,3.69693333334
621.28,2.85886666667,3.97553333333,5.904,3.3852,3.6898,5.56146666667,2.55306666667,7.89406666667,3.755
621.62,2.89986666667,4.02853333333,5.97306666667,3.43893333333,3.74553333333,5.63173333333,2.60046666667,7.96166666667,3.81086666666
621.95,2.9614,4.09926666667,6.05533333333,3.5162,3.81513333333,5.69046666667,2.669,8.04466666667,3.85953333333
622.28,3.01906666667,4.15986666667,6.139,3.58186666667,3.8904,5.7494,2.73533333333,8.118,3.9248
622.62,3.106,4.25213333333,6.2284,3.65526666667,3.97953333333,5.835,2.822,8.2288,4.00613333333
622.95,3.1696,4.30333333333,6.2796,3.6744,4.0326,5.86613333333,2.84206666667,8.29173333333,4.03893333333
623.28,3.25773333333,4.3648,6.3888,3.77566666667,4.1214,5.96346666667,2.91766666667,8.41926666667,4.1348
623.62,3.2524,4.36893333333,6.40793333333,3.77866666667,4.11746666667,5.9618,2.9236,8.45873333333,4.12233333333
623.95,3.27853333333,4.3986,6.4534,3.8268,4.13533333333,5.99646666667,2.979,8.5388,4.13593333333
624.28,3.298,4.41393333333,6.4704,3.8458,4.15646666667,5.99273333333,3.00313333333,8.5938,4.14493333333
624.62,3.2338,4.37626666667,6.43193333333,3.7896,4.09813333333,5.9426,2.93486666667,8.59353333333,4.0632
624.95,3.17886666667,4.3568,6.40346666667,3.76606666667,4.08033333333,5.9058,2.90406666667,8.6014,4.00366666667
625.28,3.20753333333,4.35966666667,6.44353333333,3.7748,4.12333333333,5.9044,2.923,8.66326666666,3.99626666667
625.61,3.225,4.38193333333,6.4898,3.77746666667,4.13926666667,5.91246666667,2.9426,8.69993333333,4.00453333333
625.95,3.15746666667,4.33713333334,6.45586666667,3.7136,4.07906666667,5.86193333333,2.88406666667,8.69086666667,3.9378
626.28,3.11306666666,4.2874,6.43406666667,3.65486666667,4.041,5.82373333333,2.85,8.67513333333,3.8962
626.61,3.07726666667,4.2636,6.43753333333,3.636,4.0076,5.8086,2.84726666666,8.70853333333,3.89713333333
626.94,2.9746,4.1738,6.34233333333,3.5306,3.90786666667,5.72246666667,2.7364,8.65673333333,3.79526666667
627.28,2.9524,4.15186666667,6.30426666667,3.5004,3.8704,5.6802,2.6976,8.65193333333,3.75866666667
627.61,2.89186666667,4.09973333333,6.27093333333,3.44426666667,3.82686666666,5.6434,2.6244,8.631,3.7138
627.94,2.82246666667,4.0276,6.23973333333,3.3676,3.75026666667,5.59746666667,2.55453333333,8.60566666667,3.6588
628.27,2.7836,3.96686666667,6.2108,3.3082,3.70953333333,5.53113333333,2.49526666667,8.57293333333,3.61913333333
628.61,2.73286666667,3.91493333333,6.17686666667,3.2396,3.6536,5.4692,2.43893333334,8.54166666667,3.57346666667
628.94,2.6404,3.83766666667,6.10873333333,3.15873333333,3.55246666667,5.38393333333,2.352,8.48073333333,3.49433333333
629.27,2.60533333333,3.80353333333,6.08233333333,3.1398,3.52466666667,5.3696,2.3094,8.4976,3.4808
629.60,2.60213333333,3.7722,6.08946666667,3.1344,3.52193333333,5.35046666667,2.288,8.5164,3.46113333333
629.94,2.624,3.79573333333,6.11653333333,3.1782,3.54313333333,5.36953333333,2.28493333333,8.59186666667,3.47653333333
630.27,2.555,3.71506666667,6.0568,3.0924,3.48466666667,5.3122,2.19826666667,8.53973333333,3.39246666667
630.60,2.5524,3.70653333333,6.10373333333,3.07993333334,3.49646666667,5.2964,2.18273333333,8.5594,3.40846666667
630.93,2.57986666667,3.69473333333,6.15753333333,3.1058,3.54353333333,5.31833333333,2.21793333333,8.59613333333,3.4362
631.26,2.67126666667,3.74513333333,6.24853333333,3.17593333333,3.61493333334,5.3684,2.29393333333,8.66693333333,3.49346666666
631.60,2.75286666667,3.8294,6.31253333333,3.27053333333,3.7062,5.4198,2.37906666667,8.75073333333,3.57393333333
631.93,2.78386666667,3.8944,6.37906666667,3.3284,3.7808,5.51213333333,2.43446666667,8.8434,3.64886666666
632.26,2.8508,3.9684,6.46013333333,3.39226666667,3.84766666667,5.5756,2.489,8.9284,3.7226
632.59,2.89826666667,4.02086666667,6.52186666667,3.4468,3.92566666667,5.65293333333,2.562,9.00593333333,3.792
632.92,2.89113333333,4.0288,6.5682,3.43006666667,3.9438,5.63693333333,2.56226666667,9.02413333334,3.79273333334
633.26,2.91126666667,4.05633333333,6.58766666666,3.44686666667,3.975,5.6714,2.586,9.06573333334,3.83253333333
633.59,2.92933333333,4.08766666667,6.6238,3.461,3.99686666667,5.68373333333,2.60866666667,9.07853333333,3.8524
633.92,3.0334,4.2128,6.76206666667,3.58966666667,4.097,5.7728,2.69793333333,9.19146666667,3.9574
634.25,3.066,4.24486666667,6.7882,3.63806666667,4.11906666667,5.80953333333,2.74766666667,9.23419999999,3.9768
634.58,3.06326666667,4.25253333333,6.783,3.61653333333,4.1108,5.79533333333,2.72026666667,9.23786666665,3.9758
634.91,3.02,4.22926666667,6.75586666667,3.57246666667,4.0808,5.76986666667,2.68173333333,9.246,3.9346
635.25,3.00466666667,4.22306666667,6.7696,3.5514,4.05326666667,5.7742,2.6622,9.22493333333,3.89986666667
635.58,3.0,4.23273333333,6.77446666667,3.54813333333,4.0274,5.76533333333,2.65786666667,9.20506666666,3.87106666667
635.91,3.02353333334,4.22533333333,6.7912,3.56626666667,4.03,5.79493333333,2.68046666667,9.24946666666,3.8744
636.24,3.008,4.2014,6.79213333333,3.54846666667,3.99326666667,5.77206666667,2.63653333333,9.24993333333,3.83846666667
636.57,3.01546666667,4.18693333333,6.7578,3.5574,3.99,5.77953333333,2.63626666667,9.29599999999,3.82326666667
636.90,3.055,4.20466666667,6.7888,3.59546666667,4.03013333333,5.7914,2.65953333333,9.32266666665,3.83566666667
637.23,3.04386666667,4.18013333333,6.77853333333,3.5784,4.0224,5.78706666667,2.6448,9.32993333334,3.81286666667
637.56,3.01833333333,4.151,6.74366666667,3.56453333333,3.9978,5.76026666667,2.63013333333,9.31773333333,3.80426666667
637.90,3.05,4.20133333333,6.807,3.60233333333,4.04713333333,5.81646666667,2.68553333333,9.39326666667,3.85186666667
638.23,2.9882,4.1696,6.79473333333,3.5488,3.98733333333,5.821,2.6522,9.40573333334,3.80753333333
638.56,2.96586666667,4.18073333333,6.83006666667,3.56073333333,3.9974,5.82746666667,2.65913333333,9.4224,3.82453333333
638.89,2.9406,4.13873333333,6.8276,3.5142,3.99546666667,5.7908,2.62913333333,9.4444,3.82746666667
639.22,2.95293333333,4.1174,6.84246666667,3.51493333333,4.01073333333,5.76966666667,2.61153333333,9.47180000001,3.8098
639.55,2.94606666667,4.12653333333,6.86786666667,3.51973333333,4.03786666667,5.77173333333,2.60973333334,9.48293333333,3.8192
639.88,2.99846666667,4.187,6.9324,3.57273333333,4.08826666667,5.8276,2.67426666667,9.53606666665,3.88473333333
640.21,3.13146666667,4.34206666667,7.08086666667,3.67846666667,4.20913333333,5.9294,2.7726,9.64346666667,4.0054
640.54,3.15493333333,4.37713333333,7.14013333333,3.7012,4.221,5.96973333333,2.7914,9.72266666665,4.0456
640.87,3.09633333333,4.328,7.1188,3.66153333333,4.188,5.9226,2.75373333333,9.6916,4.0008
641.20,3.03333333333,4.25926666667,7.0776,3.58713333333,4.1696,5.88173333333,2.70686666667,9.66780000001,3.93553333333
641.53,3.03146666667,4.2522,7.09353333334,3.56686666667,4.17826666667,5.852,2.6986,9.67046666668,3.92673333333
641.87,3.07786666667,4.29106666667,7.13746666667,3.63033333334,4.24806666667,5.8752,2.74973333333,9.70540000001,3.96746666667
642.20,3.11766666667,4.31673333333,7.1642,3.6404,4.27233333333,5.89993333333,2.77366666667,9.75686666667,3.97626666667
642.53,3.20026666667,4.3724,7.22093333333,3.70973333334,4.31193333333,5.95226666667,2.8246,9.82246666667,3.9856
642.86,3.26533333333,4.42953333333,7.2714,3.75,4.34893333334,5.9736,2.91,9.88859999999,4.05906666667
643.19,3.25626666667,4.44933333333,7.2898,3.74426666667,4.33453333333,5.97473333333,2.921,9.90373333333,4.0716
643.52,3.32833333333,4.52686666667,7.3472,3.7868,4.4082,6.02053333333,2.98486666667,10.0110666667,4.13193333333
643.85,3.24693333333,4.4528,7.30733333333,3.74966666667,4.34373333333,5.9748,2.957,9.98126666667,4.0622
644.18,3.29786666667,4.4922,7.33246666667,3.7616,4.39413333333,6.009,3.0124,10.0282,4.09313333333
644.51,3.3506,4.52126666667,7.38033333333,3.8042,4.41466666667,6.05573333333,3.06553333333,10.0938,4.143
644.84,3.40246666667,4.5732,7.4214,3.87413333333,4.45546666667,6.136,3.1266,10.1671333333,4.199
645.17,3.394,4.58206666667,7.4,3.8828,4.43773333333,6.15013333334,3.11073333333,10.1995333333,4.18073333334
645.50,3.42566666667,4.62006666667,7.42893333333,3.9248,4.44753333333,6.17026666667,3.13006666667,10.2431333333,4.21566666667
645.83,3.42406666667,4.5986,7.42266666667,3.92293333333,4.39786666667,6.1904,3.11006666667,10.2474,4.20206666667
646.16,3.36046666667,4.57486666667,7.41113333333,3.89753333333,4.3496,6.17366666667,3.06933333333,10.2069333333,4.2066
646.49,3.255,4.5136,7.33366666667,3.85066666667,4.29033333333,6.1502,2.99613333333,10.1502,4.1276
646.82,3.25846666667,4.5128,7.36606666667,3.87273333333,4.30086666667,6.18853333333,2.97993333333,10.1805333333,4.1174
647.15,3.12186666667,4.3698,7.27753333333,3.78526666667,4.20806666667,6.09513333333,2.85633333333,10.0834666667,3.99806666667
647.48,3.0294,4.26053333333,7.18186666667,3.67873333333,4.1094,6.01286666666,2.75733333333,10.0024666667,3.90193333333
647.81,3.0046,4.25886666667,7.19313333333,3.6888,4.09873333333,6.01406666667,2.7484,10.0073333333,3.88086666667
648.14,2.99,4.27133333333,7.21973333333,3.67273333333,4.103,6.02686666667,2.74206666667,10.016,3.87626666667
648.47,3.02993333333,4.32266666667,7.28106666667,3.67273333333,4.14613333333,6.04033333333,2.77613333333,10.0472666667,3.94333333333
648.80,3.05973333333,4.33353333333,7.3054,3.67213333333,4.1894,6.06233333333,2.792,10.0250666667,3.96113333333
649.13,3.0152,4.33093333333,7.29006666666,3.62666666667,4.19266666667,6.04693333333,2.783,10.0428,3.9408
649.46,3.0174,4.33633333333,7.29986666667,3.633,4.23113333333,6.01886666667,2.78673333333,10.0499333333,3.9522
649.79,3.033,4.33686666667,7.28626666667,3.63,4.26033333333,6.01813333333,2.7896,10.0878666667,3.94266666667
650.11,3.0864,4.37013333333,7.34393333333,3.62666666667,4.30253333333,6.04806666667,2.80646666666,10.1568,3.9658
650.44,3.04446666667,4.33626666667,7.26966666667,3.55593333333,4.254,5.9794,2.7634,10.1097333333,3.94233333333
650.77,3.05286666667,4.36233333333,7.25613333333,3.561,4.22946666667,5.955,2.7676,10.1085333333,3.94926666667
651.10,3.1554,4.47733333333,7.36953333333,3.66913333333,4.33626666667,6.0488,2.8878,10.2036666667,4.04973333334
651.43,3.1316,4.4506,7.356,3.64913333333,4.31326666667,6.03693333333,2.85193333333,10.179,4.05413333333
651.76,3.11293333333,4.418,7.31826666667,3.6232,4.28126666667,5.99073333333,2.80073333333,10.1565333333,4.02533333333
652.09,3.113,4.40213333333,7.32073333333,3.61073333333,4.254,5.9856,2.79553333334,10.1496,3.97513333333
652.42,3.17053333333,4.4792,7.38293333333,3.6688,4.29606666667,6.04413333333,2.86473333333,10.2276,4.0412
652.75,3.24233333333,4.53433333333,7.46433333333,3.73826666667,4.33033333333,6.09833333334,2.90886666667,10.2702,4.0914
653.08,3.3262,4.66566666667,7.55026666667,3.81593333333,4.42513333333,6.23573333333,3.01593333333,10.3949333333,4.19426666667
653.41,3.41933333333,4.78526666667,7.66413333333,3.9138,4.52973333333,6.35286666667,3.13866666667,10.5150666667,4.30806666667
653.74,3.45146666667,4.80706666667,7.68746666667,3.97193333333,4.57006666667,6.35033333333,3.20966666667,10.5473333333,4.38066666667
654.06,3.5112,4.85233333333,7.76553333333,4.04646666667,4.6084,6.41506666667,3.2788,10.6175333333,4.40546666667
654.39,3.56193333333,4.91293333333,7.8302,4.05373333333,4.656,6.4956,3.349,10.6874,4.46346666666
654.72,3.5744,4.92266666667,7.8646,4.07546666667,4.6554,6.53886666667,3.36946666666,10.7345333333,4.51833333333
655.05,3.63426666667,5.01226666667,7.94213333333,4.13733333333,4.68746666667,6.5846,3.444,10.8210666667,4.5664
655.38,3.64853333333,5.06006666667,7.9782,4.16886666667,4.7182,6.62066666667,3.4796,10.9067333333,4.62233333333
655.71,3.60666666667,4.99546666667,7.91686666667,4.10886666667,4.66766666667,6.55473333333,3.40653333334,10.9084,4.56786666667
656.04,3.5242,4.9154,7.86326666667,4.02446666667,4.60906666666,6.4712,3.30526666667,10.8941333333,4.46846666667
656.37,3.45373333333,4.83686666667,7.7868,3.95873333333,4.53306666667,6.408,3.22426666667,10.8329333333,4.40666666667
656.69,3.36593333333,4.72553333333,7.72033333333,3.88893333333,4.4766,6.27546666667,3.12713333333,10.7516,4.31946666667
657.02,3.23886666667,4.59333333333,7.60273333333,3.78366666667,4.3746,6.15026666667,3.0154,10.6381333333,4.19393333333
657.35,3.192,4.54593333333,7.56566666667,3.74026666667,4.31393333333,6.15773333333,2.93466666667,10.6344666667,4.12273333333
657.68,3.16446666667,4.5066,7.5662,3.70706666667,4.28953333333,6.12866666666,2.89233333333,10.6312666667,4.08906666667
658.01,3.1016,4.4136,7.51566666667,3.66073333334,4.22566666667,6.04813333333,2.80266666667,10.5665333333,4.01613333333
658.34,3.08593333333,4.38713333333,7.48426666667,3.611,4.22066666667,6.02053333333,2.75793333334,10.5282666667,3.95706666667
658.66,3.07146666667,4.33926666667,7.46013333333,3.56073333333,4.19766666667,6.00893333333,2.70706666667,10.487,3.94
658.99,3.14613333333,4.3844,7.50893333333,3.6106,4.24613333333,6.03886666667,2.75666666667,10.5176666667,3.98293333333
659.32,3.1932,4.44973333333,7.59593333333,3.68466666667,4.31313333333,6.10266666667,2.81773333333,10.5548666667,4.03746666667
659.65,3.2262,4.46246666666,7.6536,3.74033333333,4.35133333333,6.1488,2.87893333333,10.6029333333,4.08626666667
659.98,3.3026,4.53093333333,7.77226666667,3.80313333333,4.44266666667,6.20366666667,2.97926666667,10.7146666667,4.143
660.31,3.3722,4.59413333333,7.84833333334,3.86206666667,4.50313333333,6.24993333333,3.0454,10.7865333333,4.2034
660.63,3.4746,4.69886666667,7.98933333333,3.95313333334,4.58913333333,6.374,3.12786666667,10.9102666667,4.29286666667
660.96,3.53226666667,4.744,8.0676,4.01626666667,4.64833333333,6.41753333333,3.17653333333,10.9648666667,4.36393333333
661.29,3.60746666667,4.8334,8.1366,4.0848,4.73306666667,6.48726666667,3.26026666667,11.0396666667,4.4552
661.62,3.74433333333,5.0068,8.28826666667,4.25213333333,4.8914,6.64093333333,3.40466666667,11.2186666667,4.61686666667
661.94,3.84813333333,5.07313333333,8.4066,4.3716,4.9982,6.6946,3.48553333333,11.3463333333,4.70193333333
662.27,3.90813333333,5.16246666667,8.509,4.4574,5.09486666667,6.75553333333,3.5686,11.447,4.78266666667
662.60,3.87473333333,5.139,8.5262,4.43946666667,5.0866,6.75086666667,3.5762,11.4563333333,4.77666666666
662.93,3.8732,5.13513333333,8.52,4.4366,5.08486666667,6.74053333333,3.59606666667,11.4682,4.805
663.26,3.88906666667,5.16753333333,8.5524,4.47146666667,5.0766,6.77573333333,3.61566666667,11.4933333333,4.86206666667
663.58,3.83153333334,5.12446666667,8.4488,4.41973333333,5.01793333333,6.76286666667,3.54326666667,11.4388,4.84246666667
663.91,3.8388,5.1284,8.41713333333,4.4436,4.9966,6.816,3.52573333334,11.4238,4.872
664.24,3.7658,5.0248,8.29886666667,4.35793333333,4.93513333333,6.72886666667,3.4338,11.3224666667,4.79693333334
664.57,3.7788,5.10826666667,8.33326666666,4.38406666667,4.96733333333,6.7706,3.48626666667,11.3238,4.81746666667
664.89,3.7734,5.07613333333,8.30373333333,4.38246666667,4.9532,6.7768,3.45006666667,11.3516666667,4.80786666667
665.22,3.76286666667,5.02053333333,8.28333333333,4.3312,4.905,6.7612,3.4114,11.3335333333,4.7792
665.55,3.67013333333,5.00146666667,8.20386666667,4.26346666667,4.82453333333,6.75073333333,3.35166666667,11.2857333333,4.7712
665.87,3.52266666666,4.8686,8.05726666667,4.13573333333,4.701,6.6542,3.21046666667,11.2062,4.63446666667
666.20,3.4252,4.80053333333,7.98293333333,4.05026666667,4.60366666667,6.57786666667,3.0776,11.1401333333,4.51873333333
666.53,3.4222,4.82333333333,7.98773333333,4.0952,4.589,6.6444,3.07206666667,11.2104,4.4998
666.86,3.38006666667,4.82893333333,7.94906666667,4.03213333333,4.60233333333,6.61106666667,3.0242,11.2146,4.4806
667.18,3.40033333333,4.8262,8.0008,4.04186666667,4.64353333333,6.5972,3.01406666667,11.2466666667,4.49293333333
667.51,3.35513333333,4.7846,8.007,3.97913333333,4.60106666667,6.55613333333,2.968,11.2786666667,4.44406666667
667.84,3.42373333333,4.89513333333,8.11786666667,4.06686666667,4.70266666667,6.65273333333,3.0748,11.4426,4.54426666667
668.16,3.36286666666,4.7998,8.0806,4.00313333333,4.61606666667,6.59173333333,3.0068,11.43,4.49013333333
668.49,3.3062,4.7642,8.05153333333,3.944,4.57493333333,6.53846666667,2.99846666667,11.3613333333,4.43686666667
668.82,3.36573333333,4.84866666667,8.13573333333,3.98133333333,4.66273333333,6.60333333333,3.08006666667,11.4518,4.4636
669.14,3.407,4.8726,8.17866666666,3.99653333333,4.70833333333,6.62266666667,3.1026,11.4946,4.4686
669.47,3.47933333333,4.96386666667,8.27573333334,4.0768,4.79046666667,6.68653333333,3.21393333333,11.5632666666,4.55513333333
669.80,3.62746666667,5.09993333333,8.41726666667,4.20086666667,4.9568,6.86766666667,3.38153333333,11.7216666667,4.711
670.13,3.6894,5.14866666667,8.48013333334,4.18533333333,5.0168,6.9128,3.3902,11.742,4.74186666667
670.45,3.81846666666,5.23346666667,8.58766666667,4.3,5.0922,6.99273333333,3.48006666667,11.8178,4.79826666667
670.78,3.85506666667,5.27686666667,8.63366666667,4.35846666667,5.098,7.05533333333,3.51453333333,11.8610666667,4.8544
671.10,3.9586,5.3462,8.7082,4.43613333333,5.23373333333,7.1472,3.6044,11.9017333333,4.93166666667
671.43,3.98533333333,5.31826666666,8.72333333334,4.4366,5.206,7.12353333333,3.59946666667,11.8633333333,4.9546
671.76,4.13326666667,5.41193333333,8.81999999999,4.5638,5.35946666667,7.22493333333,3.7472,11.9819333333,5.061
672.08,4.19286666667,5.45053333333,8.86993333334,4.60426666667,5.4116,7.27313333334,3.77846666667,12.0502666667,5.12453333333
672.41,4.20146666667,5.429,8.85506666667,4.59566666667,5.3884,7.25253333333,3.75113333333,12.0299333333,5.152
672.74,4.27346666667,5.49026666667,8.91820000001,4.6522,5.43786666666,7.336,3.82413333333,12.0966666667,5.24793333333
673.06,4.3018,5.50146666667,8.91160000001,4.65713333333,5.4528,7.33186666667,3.80446666667,12.1110666667,5.2382
673.39,4.30133333333,5.5192,8.90673333333,4.65713333333,5.45913333333,7.3126,3.79493333333,12.1244,5.24413333333
673.72,4.34126666667,5.5916,8.978,4.747,5.52333333333,7.3374,3.85846666667,12.1921333333,5.34893333333
674.04,4.2454,5.5058,8.87346666667,4.6272,5.43133333333,7.254,3.79433333333,12.1058666667,5.27473333333
674.37,4.15206666667,5.41913333333,8.75993333334,4.51186666666,5.35306666667,7.13413333333,3.72386666667,12.0071333333,5.14033333333
674.69,4.08106666667,5.38766666667,8.71613333333,4.42793333333,5.23293333333,7.04206666667,3.654,11.9318666667,5.05606666667
675.02,3.927,5.29473333333,8.60466666667,4.31226666667,5.0886,6.95966666667,3.55926666667,11.8344,4.926
675.35,3.79073333333,5.19373333333,8.50919999999,4.14433333333,4.96473333333,6.87446666667,3.39066666667,11.7,4.81753333333
675.67,3.8498,5.27186666667,8.59093333333,4.2216,5.02786666667,6.95926666667,3.45,11.7676666667,4.8814
676.00,3.72933333333,5.1696,8.49526666666,4.14693333333,4.95486666667,6.88066666667,3.32966666667,11.6718,4.76653333333
676.32,3.53833333333,5.0126,8.31753333334,3.98426666667,4.7666,6.72666666667,3.15526666667,11.5413333333,4.57186666667
676.65,3.50806666667,4.9756,8.31253333333,3.95993333333,4.73753333333,6.74286666667,3.14213333333,11.557,4.56313333333
676.97,3.4568,4.90073333333,8.27353333333,3.9176,4.65193333333,6.6764,3.08386666667,11.4536666667,4.482
677.30,3.31353333333,4.7326,8.13793333333,3.77373333333,4.52893333333,6.55453333333,2.95986666667,11.3400666667,4.344
677.63,3.31306666667,4.745,8.17333333333,3.81146666667,4.54313333333,6.59833333333,2.9412,11.4003333333,4.37006666667
677.95,3.365,4.78606666667,8.23086666667,3.8656,4.5852,6.6858,2.97306666667,11.4422,4.44053333333
678.28,3.3568,4.7744,8.24173333333,3.8888,4.5982,6.70453333333,2.9696,11.5058,4.4732
678.60,3.52226666667,4.91233333333,8.39333333333,4.05226666667,4.79893333333,6.85066666667,3.09513333333,11.6572,4.63266666667
678.93,3.46953333333,4.87813333333,8.34813333333,4.03033333334,4.77193333333,6.78666666667,3.054,11.6334,4.60133333333
679.25,3.3906,4.7746,8.26453333333,3.94773333334,4.70846666667,6.68926666667,2.9644,11.5434,4.5274
679.58,3.3966,4.80186666667,8.2938,3.9464,4.69186666667,6.70233333333,3.00306666666,11.5587333333,4.55153333333
679.90,3.5588,4.9438,8.44833333334,4.10553333333,4.88286666667,6.8436,3.20173333333,11.6802666667,4.71026666667
680.23,3.64553333333,5.0122,8.54153333334,4.15253333333,4.944,6.8884,3.26713333333,11.699,4.77593333333
680.55,3.604,4.98833333333,8.50626666667,4.13053333333,4.93126666667,6.86293333334,3.23873333333,11.7176666667,4.76213333333
680.88,3.60386666667,5.00546666667,8.52519999999,4.1418,4.9344,6.81986666667,3.23486666667,11.7082,4.74473333333
681.20,3.5948,4.96006666667,8.48046666666,4.11306666667,4.91166666666,6.78773333334,3.22,11.6504,4.71533333333
681.53,3.56906666667,4.93586666667,8.45266666666,4.10846666667,4.89806666667,6.7578,3.23373333333,11.6589333333,4.7062
681.85,3.61453333333,4.9796,8.46840000001,4.1684,4.92926666667,6.80533333333,3.316,11.6792666667,4.72433333333
682.18,3.52726666667,4.9084,8.3814,4.10633333333,4.81666666667,6.72973333333,3.25353333333,11.6206666667,4.61693333333
682.50,3.6566,5.04313333333,8.52986666667,4.2324,4.92866666667,6.87433333333,3.39886666667,11.7658,4.74446666667
682.83,3.65853333333,5.06466666667,8.5236,4.2266,4.9344,6.89513333333,3.4252,11.7808666667,4.74146666667
683.15,3.69606666666,5.073,8.57126666667,4.27293333333,4.97953333333,6.92846666667,3.456,11.7998,4.76393333333
683.48,3.55593333333,4.93606666667,8.50093333333,4.1204,4.81486666667,6.7966,3.27266666667,11.7064,4.6272
683.80,3.5558,4.90293333333,8.51086666667,4.169,4.80333333333,6.80593333333,3.2896,11.7330666667,4.64746666667
684.13,3.67873333333,4.98586666667,8.60526666667,4.27826666667,4.9116,6.93666666667,3.4196,11.8283333333,4.77466666667
684.45,3.75566666667,5.0526,8.63066666666,4.33253333333,4.9506,7.07613333333,3.48833333334,11.8966666667,4.86173333333
684.78,3.70753333333,5.0254,8.6142,4.2956,4.92726666667,7.03066666667,3.44106666667,11.8524666667,4.83326666667
685.10,3.84353333333,5.15506666667,8.78720000001,4.421,5.07406666667,7.17853333334,3.54446666667,12.0044666667,4.92886666667
685.43,3.75746666667,5.0974,8.74500000001,4.36493333333,5.049,7.1292,3.48233333333,11.9285333333,4.88213333333
685.75,3.78186666667,5.1234,8.76280000001,4.36233333333,5.0866,7.12853333333,3.50853333333,11.9675333334,4.9042
686.08,3.71046666666,5.0742,8.67766666668,4.30746666667,5.02293333333,7.0434,3.4372,11.9062666667,4.84586666667
686.40,3.68746666667,5.06006666667,8.69359999999,4.2742,4.98566666667,7.03786666667,3.3824,11.9136666666,4.83
686.72,3.66513333333,5.03306666667,8.6448,4.23506666667,4.94666666667,7.03573333333,3.33913333333,11.8935333333,4.80693333333
687.05,3.75806666667,5.12293333333,8.6704,4.334,5.03293333333,7.12253333333,3.4152,11.9802666667,4.86446666667
687.37,3.8134,5.19113333333,8.70973333334,4.37606666666,5.12446666666,7.17573333333,3.42613333333,12.0490666667,4.8976
687.70,3.898,5.30066666667,8.85306666667,4.4518,5.2268,7.26586666667,3.483,12.1493333334,5.00966666667
688.02,3.88193333333,5.2808,8.89140000001,4.46693333333,5.25106666667,7.2334,3.47113333333,12.179,5.01973333333
688.34,3.92073333333,5.32686666667,8.94973333333,4.5118,5.3024,7.30466666667,3.53786666667,12.3106,5.04586666667
688.67,3.8968,5.30826666667,8.94633333334,4.4626,5.316,7.2648,3.52033333334,12.254,5.0354
688.99,3.8462,5.24933333333,8.90106666666,4.4134,5.2388,7.1978,3.4412,12.2568666667,4.981
689.32,3.84373333333,5.2242,8.90126666667,4.39466666667,5.18506666666,7.22513333333,3.38506666667,12.2401333333,4.94973333333
689.64,3.95393333333,5.26373333333,8.99653333333,4.44733333333,5.2422,7.30186666667,3.41913333334,12.2689333333,4.9884
689.96,4.03733333333,5.351,9.08326666667,4.56,5.3278,7.3768,3.51026666667,12.3592666667,5.0856
690.29,4.1158,5.45626666667,9.15646666667,4.6536,5.43513333333,7.4512,3.61353333333,12.4570666667,5.17466666666
690.61,4.11093333333,5.44586666667,9.15833333333,4.6516,5.423,7.4712,3.64693333333,12.4941333333,5.2084
690.94,4.0296,5.36406666667,9.09799999999,4.6174,5.30306666667,7.42546666667,3.63213333334,12.4401333333,5.16286666667
691.26,3.96766666667,5.2368,9.00259999999,4.55373333333,5.18933333333,7.32646666667,3.54466666667,12.3394,5.01673333333
691.58,4.09053333333,5.346,9.10719999999,4.6338,5.2956,7.4472,3.6534,12.4280666667,5.11546666667
691.91,4.18993333333,5.4568,9.24413333333,4.751,5.3814,7.53406666667,3.73753333333,12.4636666667,5.24986666667
692.23,4.113,5.39726666667,9.15573333333,4.74113333333,5.31166666667,7.50606666667,3.693,12.4293333333,5.243
692.55,4.20426666667,5.44273333333,9.23,4.77193333333,5.3704,7.57573333333,3.76573333333,12.489,5.28826666667
692.88,4.18986666667,5.4628,9.2408,4.78086666666,5.41673333333,7.55033333333,3.81446666667,12.4903333333,5.33946666667
693.20,4.1362,5.48566666667,9.2526,4.7788,5.41633333333,7.5468,3.80653333333,12.5336,5.33806666667
693.52,4.0558,5.4144,9.16713333333,4.70473333333,5.34046666667,7.47546666667,3.778,12.4554,5.28366666667
693.85,3.97326666666,5.3306,9.12200000001,4.62413333333,5.271,7.39753333333,3.71473333333,12.4147333333,5.231
694.17,3.80793333333,5.18606666667,9.00699999999,4.48453333333,5.1246,7.21626666667,3.50446666667,12.2216666667,5.10226666667
694.49,3.78873333333,5.18053333333,8.9718,4.41486666667,5.14346666667,7.218,3.461,12.1979333333,5.0598
694.82,3.73693333333,5.17446666667,8.92053333333,4.4038,5.1434,7.1984,3.4336,12.2320666667,5.06253333334
695.14,3.5696,5.04293333333,8.75953333333,4.25413333333,4.99586666667,7.06606666667,3.28546666667,12.1318,4.901
695.46,3.54333333333,4.96866666667,8.69593333333,4.1874,4.95753333333,7.00513333333,3.26286666667,12.1492,4.83413333333
695.79,3.67646666667,5.12966666667,8.82933333333,4.27246666667,5.02466666667,7.14833333333,3.34293333334,12.3029333333,4.9548
696.11,3.67913333333,5.19433333333,8.86213333333,4.28906666667,5.02193333333,7.18893333333,3.36213333333,12.3396666667,5.02113333333
696.43,3.7014,5.18106666667,8.87046666667,4.285,4.9932,7.20373333333,3.3164,12.3192,5.0054
696.75,3.65973333333,5.11806666667,8.81093333334,4.26833333333,4.9446,7.19266666667,3.30026666667,12.2462,4.968
697.08,3.78446666667,5.23706666667,8.9748,4.38753333333,5.09946666667,7.32386666667,3.41706666666,12.3858666667,5.07573333333
697.40,3.86166666667,5.3014,9.02019999999,4.452,5.15186666667,7.404,3.48226666667,12.4217333333,5.1322
697.72,4.02173333333,5.45346666667,9.18300000001,4.62126666667,5.30566666667,7.559,3.63793333333,12.5524666667,5.2496
698.05,4.05886666667,5.5036,9.23880000001,4.666,5.36253333334,7.607,3.69046666667,12.6262,5.29966666667
698.37,4.03826666667,5.4814,9.21133333333,4.58473333333,5.3046,7.57646666667,3.64533333334,12.5775333334,5.2666
698.69,4.1494,5.56346666667,9.3022,4.69166666667,5.38666666667,7.69113333333,3.73233333333,12.6585333333,5.35793333333
699.01,4.25326666667,5.67,9.38393333334,4.7908,5.49353333333,7.82546666667,3.81573333333,12.7256666667,5.45046666667
699.34,4.26353333333,5.67633333333,9.40433333334,4.79113333333,5.5414,7.83606666667,3.82646666667,12.7211333333,5.44333333334
699.66,4.3862,5.77326666667,9.52340000001,4.88833333333,5.6968,7.95306666666,3.938,12.8514666667,5.54706666666
699.98,4.37486666667,5.7466,9.50733333333,4.86253333333,5.705,7.93173333333,3.93253333333,12.8756666667,5.5722
700.30,4.43986666667,5.751,9.56020000001,4.88846666667,5.75413333333,7.9726,3.96373333333,12.9272,5.65866666666
700.63,4.51766666667,5.75686666667,9.57846666667,4.91893333333,5.7782,8.02966666667,3.97513333333,12.9374666667,5.71106666667
700.95,4.57773333333,5.7682,9.62146666667,4.94233333333,5.83533333333,8.00946666667,3.981,13.0070666667,5.7304
701.27,4.71853333333,5.88526666667,9.72893333332,5.01666666667,5.94693333333,8.13033333334,4.1198,13.1212,5.8324
701.59,4.73933333333,5.871,9.71026666667,5.02706666667,5.92113333333,8.09813333333,4.105,13.1005333333,5.8356
701.91,4.8192,5.983,9.81053333335,5.17466666667,6.0476,8.19906666667,4.2114,13.1863333333,5.93286666667
702.24,4.78486666666,5.92173333333,9.77346666667,5.11186666667,5.9888,8.13413333333,4.18506666667,13.143,5.88906666667
702.56,4.65653333333,5.82526666667,9.70426666667,5.0146,5.90846666667,8.01566666667,4.09646666667,13.0721333333,5.82806666667
702.88,4.59633333334,5.73846666667,9.63286666667,4.96973333333,5.8052,7.92593333333,4.064,13.0040666666,5.77633333333
703.20,4.44626666667,5.6516,9.49046666667,4.87006666667,5.69973333333,7.87466666667,3.9466,12.8762666667,5.66633333333
703.52,4.51346666667,5.76,9.55186666666,4.93013333333,5.77526666667,7.99393333333,4.014,12.9545333333,5.67733333333
703.85,4.43826666667,5.73366666667,9.48173333333,4.88333333334,5.69506666667,7.95453333333,3.9176,12.9521333333,5.53033333333
704.17,4.30686666667,5.703,9.39686666667,4.86786666667,5.62133333333,7.87306666667,3.86386666667,12.9826,5.4474
704.49,4.23,5.7138,9.40906666667,4.8266,5.5464,7.92633333333,3.8228,12.9798666667,5.40806666667
704.81,4.0724,5.6058,9.28313333333,4.66973333333,5.3676,7.78193333333,3.6348,12.8405333333,5.31726666667
705.13,3.99086666667,5.59026666667,9.22913333334,4.58973333333,5.29286666667,7.7786,3.56806666667,12.788,5.27766666666
705.45,3.98086666667,5.581,9.2166,4.54626666667,5.27746666667,7.8092,3.5786,12.8386,5.27553333333
705.78,3.93953333333,5.60486666667,9.29106666667,4.5794,5.3178,7.84246666667,3.65886666667,12.8704666667,5.29946666667
706.10,3.8906,5.5734,9.24993333333,4.54733333333,5.19193333333,7.81566666667,3.61446666667,12.8003333333,5.24773333333
706.42,3.786,5.4914,9.16086666666,4.43506666667,5.0788,7.73046666667,3.5164,12.6976666667,5.13053333333
706.74,3.93693333333,5.606,9.33673333333,4.58553333333,5.224,7.8286,3.61866666667,12.7666666667,5.28953333333
707.06,4.0552,5.70593333333,9.45419999999,4.69786666667,5.36993333333,7.91606666667,3.73226666667,12.8292666667,5.4756
707.38,4.11646666667,5.74946666667,9.43926666667,4.70113333333,5.46513333333,7.96046666667,3.846,12.8546666667,5.59426666667
707.70,4.111,5.7464,9.4564,4.637,5.47626666667,7.949,3.868,12.8383333333,5.58526666667
708.03,4.05106666667,5.63333333334,9.36000000001,4.55513333333,5.4118,7.8408,3.81246666667,12.7234666667,5.4936
708.35,4.0676,5.5402,9.36113333333,4.5638,5.49746666667,7.846,3.8438,12.7446,5.5142
708.67,4.16213333333,5.61113333333,9.4414,4.61773333333,5.66153333333,7.91533333333,3.90873333333,12.8194,5.61686666667
708.99,4.1098,5.4784,9.31220000001,4.53153333333,5.60353333333,7.7624,3.7954,12.6928666667,5.53946666667
709.31,4.16846666667,5.4658,9.2904,4.5584,5.6112,7.71453333333,3.7186,12.7392,5.61206666667
709.63,4.3072,5.5854,9.39033333333,4.62953333333,5.79513333333,7.83506666667,3.8324,12.9374666667,5.76473333333
709.95,4.50886666667,5.75753333333,9.60493333333,4.8268,6.01106666667,8.0508,4.022,13.1606666667,6.01213333333
710.27,4.4932,5.65286666667,9.53200000001,4.7664,5.86793333333,7.96933333333,4.00473333333,13.1280666667,5.93206666667
710.59,4.6274,5.77106666667,9.66933333333,4.9248,5.94046666667,8.1046,4.14513333334,13.2682666666,6.03726666667
710.91,4.80846666666,6.02313333334,9.90260000001,5.1356,6.13893333333,8.3136,4.2914,13.4953333333,6.25653333333
711.24,5.02646666667,6.2282,10.0453333333,5.27313333333,6.2918,8.49393333334,4.42033333333,13.6264,6.38146666667
711.56,5.1214,6.36113333333,10.1535333333,5.43933333333,6.38046666667,8.61493333333,4.55346666667,13.7364,6.51626666667
711.88,5.19833333333,6.51626666667,10.2041333333,5.577,6.49126666667,8.7484,4.6156,13.8517333334,6.5842
712.20,5.15373333333,6.44853333333,10.1556,5.5428,6.39953333333,8.69633333333,4.58213333333,13.8068,6.51686666667
712.52,5.31693333333,6.63973333333,10.3772666666,5.67906666667,6.51053333333,8.93679999999,4.78286666667,14.0001333333,6.6994
712.84,5.36006666667,6.69966666667,10.4227333333,5.6652,6.53013333333,9.0552,4.82253333333,14.0093333333,6.687
713.16,5.363,6.66573333333,10.4122666667,5.63873333333,6.44406666667,9.01759999999,4.77253333333,13.9604666667,6.59993333333
713.48,5.2832,6.61833333333,10.3041333333,5.5722,6.2868,8.95326666667,4.69046666666,13.8766,6.4742
713.80,5.0698,6.55333333333,10.1647333334,5.42546666667,6.19373333333,8.82659999999,4.55233333333,13.785,6.3342
714.12,4.8196,6.35533333333,9.94159999999,5.17373333333,5.98186666667,8.62953333333,4.29913333333,13.6242,6.08513333333
714.44,4.62773333333,6.18693333333,9.78106666668,5.02946666667,5.79013333334,8.45406666667,4.1432,13.4445333333,5.8838
714.76,4.41326666667,5.98053333333,9.62353333333,4.9192,5.61506666667,8.2962,3.94646666667,13.2894,5.7242
715.08,4.274,5.8538,9.49600000001,4.73533333333,5.54786666667,8.20753333333,3.8088,13.189,5.65093333333
715.40,4.07873333333,5.68066666667,9.42393333333,4.5124,5.3282,8.05466666667,3.666,13.0423333333,5.455
715.72,4.01786666667,5.6524,9.39893333333,4.52953333333,5.31446666667,8.03186666667,3.61546666666,13.0353333333,5.4646
716.04,3.82053333333,5.49906666667,9.28333333333,4.414,5.1942,7.87846666667,3.43446666667,12.8938,5.29993333334
716.36,3.7572,5.46406666667,9.2112,4.36426666667,5.13673333333,7.80113333333,3.36786666666,12.8331333333,5.25166666667
716.68,3.56586666667,5.3316,9.12686666666,4.2594,5.043,7.6486,3.23366666667,12.6896,5.1656
717.00,3.5192,5.27053333333,9.08833333333,4.2036,5.10146666667,7.55806666667,3.18446666667,12.6969333333,5.10353333333
717.32,3.7134,5.39873333333,9.23593333333,4.34793333333,5.25133333333,7.67753333333,3.30793333333,12.8062,5.25026666667
717.64,3.72033333333,5.37093333333,9.24493333334,4.3692,5.28686666667,7.6506,3.3422,12.7748666666,5.21713333333
717.96,3.84373333333,5.39633333333,9.37899999999,4.44333333333,5.39633333333,7.7338,3.44853333333,12.8318666667,5.28006666667
718.28,4.00886666667,5.5112,9.50593333333,4.5544,5.51233333333,7.79693333333,3.62746666667,12.9231333333,5.40013333333
718.60,4.19586666667,5.72693333333,9.67766666668,4.773,5.65946666667,7.98313333333,3.84286666667,13.1270666666,5.5564
718.92,4.39253333333,5.88733333333,9.78179999999,4.93993333333,5.8196,8.0732,3.9986,13.239,5.76153333333
719.24,4.45926666667,5.91406666667,9.88006666667,4.95486666667,5.856,8.09786666667,4.08733333334,13.2642,5.77926666667
719.56,4.64886666667,6.08253333333,10.0369333333,5.11753333333,6.00753333333,8.24206666666,4.25773333333,13.3684,5.96093333333
719.88,4.69793333333,6.16313333333,10.1564,5.23213333333,6.12366666667,8.31613333333,4.37366666667,13.4415333333,6.0676
720.20,4.84066666667,6.3472,10.3084,5.3778,6.30353333333,8.4966,4.53806666667,13.6283333333,6.1684
720.52,4.86146666667,6.37466666667,10.3331333333,5.36726666666,6.29,8.58900000001,4.54606666667,13.6186666667,6.2666
720.84,5.0362,6.5482,10.536,5.50113333334,6.44673333333,8.82133333333,4.7214,13.8234,6.46786666667
721.16,5.18506666667,6.71986666667,10.7608,5.67166666667,6.52646666667,8.95780000001,4.84766666667,14.0548,6.6878
721.48,5.15493333333,6.7694,10.7268,5.68413333333,6.47166666667,8.997,4.85733333333,14.125,6.70326666667
721.79,4.87773333333,6.54306666667,10.4918666667,5.46706666667,6.21046666667,8.7936,4.57133333333,13.8924666666,6.499
722.11,4.535,6.16933333333,10.2265333333,5.11813333333,5.95613333333,8.46180000001,4.15266666667,13.6174,6.10713333333
722.43,4.29486666667,5.98106666667,10.0014,4.92186666667,5.78326666667,8.33326666666,3.95346666667,13.5382,5.94066666667
722.75,4.24926666667,5.9644,9.92413333335,4.8588,5.70153333333,8.39866666667,3.90773333333,13.6044666667,5.8772
723.07,4.09146666667,5.88226666667,9.74313333332,4.72853333333,5.602,8.24946666667,3.7602,13.5372666667,5.70666666667
723.39,4.0438,5.913,9.69433333334,4.6682,5.6334,8.2222,3.69873333333,13.5066,5.6262
723.71,4.06033333333,5.84286666667,9.6586,4.66493333334,5.6494,8.26426666666,3.67626666667,13.5382,5.65806666667
724.03,4.18346666667,5.89606666666,9.81120000001,4.87006666667,5.85653333333,8.38526666667,3.8428,13.6768,5.75286666667
724.35,3.9772,5.63746666666,9.60200000001,4.72646666667,5.6616,8.15513333333,3.59786666667,13.5210666667,5.5124
724.67,3.8982,5.57393333333,9.42526666667,4.6204,5.55126666667,8.10146666666,3.52626666667,13.4114,5.40926666667
724.98,3.84453333333,5.4478,9.30646666667,4.48213333333,5.43933333333,8.0098,3.35806666667,13.3374666667,5.30646666667
725.30,4.01546666667,5.5594,9.485,4.58806666667,5.62526666667,8.2386,3.51573333333,13.5522666667,5.48913333333
725.62,4.37753333333,5.777,9.74279999999,4.87906666667,5.82406666666,8.5818,3.8578,13.7559333333,5.81573333333
725.94,4.6506,5.99053333333,10.0612,5.087,6.05946666667,8.88106666666,4.08873333334,13.9612,6.09786666667
726.26,4.74186666667,6.10846666667,10.1854,5.1864,6.129,8.89126666666,4.1562,13.9818,6.15906666667
726.58,4.82273333333,6.16386666667,10.2486666667,5.21153333333,6.17206666667,9.01339999999,4.25733333333,14.0888,6.1992
726.90,5.01506666667,6.22653333333,10.3355333333,5.32713333333,6.2062,9.11219999999,4.3724,14.2314,6.31293333333
727.21,4.96573333333,6.18626666667,10.2074666667,5.24686666667,6.11793333334,9.01113333333,4.31686666667,14.0346666667,6.19033333333
727.53,4.6562,5.8956,9.86733333334,4.8802,5.82746666667,8.67446666667,3.92233333333,13.7682666667,5.84746666667
727.85,4.59453333333,5.82853333334,9.80199999999,4.7944,5.8102,8.63013333334,3.8836,13.6576666667,5.74233333333
728.17,4.66686666667,5.91106666667,9.93033333331,4.86566666667,6.04913333333,8.69926666667,4.01533333333,13.6901333333,5.81613333333
728.49,4.73733333333,6.12286666667,10.1333333333,5.0262,6.30066666667,8.78693333333,4.2144,13.8548666667,5.97773333333
728.80,4.85066666667,6.3302,10.3364,5.19086666667,6.48346666667,8.85419999999,4.39726666667,13.966,6.0744
729.12,4.91566666667,6.4682,10.5149333333,5.275,6.64853333333,8.89100000001,4.44866666667,14.0544666667,6.13606666667
729.44,4.8318,6.3756,10.3598,5.1916,6.62646666667,8.7642,4.3892,13.9271333333,5.9136
729.76,4.82013333334,6.33146666667,10.3249333333,5.1554,6.65506666667,8.71320000001,4.3688,13.9523333334,5.91893333333
730.08,4.85813333333,6.3186,10.3853333333,5.2204,6.7066,8.75140000001,4.34166666667,14.0013333333,5.9974
730.39,4.75833333333,6.23433333333,10.2890666667,5.14706666667,6.61553333333,8.66206666667,4.26073333333,13.9408,5.9222
730.71,4.81566666667,6.26433333333,10.3773333333,5.28806666667,6.67186666667,8.7112,4.3332,14.0423333333,6.01746666667
731.03,5.04533333333,6.57313333333,10.6343333333,5.6308,6.90573333333,8.99773333333,4.66326666667,14.3034,6.3252
731.35,5.1506,6.72193333333,10.7384666667,5.75266666667,6.9948,9.0816,4.8274,14.4598,6.55473333333
731.67,4.97486666667,6.52893333333,10.5715333333,5.59146666667,6.7154,8.96119999999,4.6102,14.3622666667,6.40466666667
731.98,5.02906666667,6.4916,10.5630666667,5.5878,6.6504,8.96053333333,4.604,14.2984666667,6.38653333333
732.30,4.8798,6.29826666667,10.3133333333,5.39466666667,6.43106666667,8.79953333333,4.4148,14.1816,6.22933333333
732.62,4.7158,6.1796,10.0712,5.22686666667,6.2262,8.65173333333,4.26006666667,14.0804666667,6.10893333333
732.94,4.63453333333,6.201,10.0726666667,5.1932,6.0786,8.62473333333,4.1702,14.1701333333,6.12953333333
733.25,4.5576,6.1852,10.0304,5.14486666667,5.99033333333,8.58453333333,4.0786,14.1322666667,6.04053333333
733.57,4.64153333333,6.23926666667,10.0399333333,5.18413333334,5.98153333333,8.61473333333,4.15626666667,14.161,6.0626
733.89,4.52913333333,6.17833333333,9.97393333334,5.1934,5.94266666667,8.5712,4.1258,14.0587333333,5.9944
734.21,4.533,6.26066666667,10.0838,5.2334,5.98946666666,8.68313333334,4.19926666667,14.1589333333,6.04126666667
734.52,4.56,6.22506666667,10.1507333333,5.21973333333,5.95166666667,8.6122,4.1588,14.1415333333,6.06953333333
734.84,4.7354,6.332,10.4024666667,5.4526,6.12453333333,8.82673333333,4.34846666667,14.3033333334,6.26426666667
735.16,4.8648,6.46866666667,10.5104,5.579,6.30373333333,8.95279999999,4.4816,14.4988666667,6.35293333333
735.48,4.7556,6.3176,10.3897333333,5.47453333333,6.251,8.84993333333,4.37986666667,14.3805333333,6.22286666667
735.79,4.9354,6.4522,10.5716,5.64213333334,6.4762,9.04893333333,4.50033333333,14.445,6.38326666667
736.11,5.05233333334,6.59533333333,10.7095333333,5.79953333334,6.67873333333,9.19193333333,4.66726666666,14.552,6.5
736.43,5.04693333333,6.50173333333,10.6649333333,5.8072,6.75073333333,9.13506666666,4.64553333334,14.4187333333,6.45453333333
736.74,5.42566666667,6.85026666667,11.0350666667,6.1862,7.138,9.45606666666,5.03106666667,14.6279333333,6.84266666667
737.06,5.354,6.831,11.0655333333,6.22453333333,7.15646666667,9.37053333333,5.03926666667,14.577,6.86013333333
737.38,5.62866666667,7.07193333333,11.3434,6.398,7.45586666667,9.62986666667,5.26186666667,14.8119333333,7.18093333333
737.69,5.7096,7.10446666667,11.3643333333,6.43846666667,7.51193333333,9.70906666667,5.29786666667,14.8735333333,7.37706666667
738.01,5.76926666667,7.18026666667,11.3578,6.4068,7.56586666667,9.84406666667,5.37606666667,14.9374,7.43426666667
738.33,5.4998,7.0442,11.1049333333,6.1652,7.32426666667,9.62706666668,5.0186,14.7446666667,7.16646666667
738.64,5.59906666667,7.15866666667,11.1492,6.2286,7.35313333333,9.70846666667,5.0162,14.689,7.22653333333
738.96,5.8556,7.36966666667,11.348,6.38393333333,7.4978,9.91586666667,5.23746666667,14.9942,7.4794
739.28,5.8544,7.46953333333,11.372,6.42826666667,7.50533333333,9.89713333334,5.33373333333,15.1091333333,7.49613333333
739.59,6.0296,7.674,11.576,6.6604,7.61593333333,10.0635333333,5.54,15.2586666667,7.7366
739.91,6.396,8.1372,11.8756,7.02526666667,7.8902,10.3861333333,5.94786666667,15.628,8.18426666667
740.23,6.31226666667,8.08453333333,11.7272,6.97366666667,7.8614,10.3949333333,5.9212,15.6610666667,8.208
740.54,6.38213333333,8.11386666667,11.7469333333,7.03446666667,7.89793333333,10.4934666667,5.9118,15.7624666667,8.26406666667
740.86,6.3202,8.0586,11.6710666666,7.02593333333,7.7738,10.3941333333,5.7958,15.7449333333,8.1752
741.18,6.05806666667,7.8098,11.4368,6.75213333334,7.42506666667,10.0287333333,5.47246666667,15.4978666666,7.76373333333
741.49,5.83306666667,7.66713333333,11.3822,6.65833333333,7.2246,9.80033333334,5.35026666667,15.3161333333,7.54866666667
741.81,5.8174,7.51933333333,11.3406666667,6.6078,7.24413333333,9.70953333333,5.32933333333,15.25,7.4316
742.12,5.7794,7.46633333333,11.4147333333,6.5912,7.26213333333,9.68673333333,5.37973333333,15.2519333333,7.44913333333
742.44,5.46506666667,7.2918,11.1268666667,6.395,7.0254,9.49666666666,5.07846666667,14.9426666667,7.22213333333
742.76,5.1852,7.12206666667,10.994,6.1366,6.84213333333,9.50013333332,4.80246666667,14.8573333333,7.06353333333
743.07,4.72253333333,6.7136,10.5549333333,5.6432,6.4342,9.20186666666,4.33886666667,14.6486,6.5982
743.39,4.16306666667,6.13666666667,10.1243333333,5.243,5.97773333333,8.83046666667,3.7902,14.2782,6.03066666667
743.70,3.96746666667,5.96313333333,10.0008666667,5.095,5.76126666667,8.68633333333,3.55273333333,14.1146666667,5.82246666667
744.02,3.80393333333,5.81166666667,9.81740000001,4.84626666667,5.64146666666,8.49653333333,3.3866,13.889,5.61513333333
744.34,3.85393333333,5.81013333333,9.89360000001,4.82153333333,5.70833333333,8.55133333333,3.47546666667,13.8623333333,5.635
744.65,4.2534,6.1694,10.2202666667,5.10266666667,6.21466666667,8.93426666666,3.8978,14.2185333333,5.97826666667
744.97,4.6694,6.452,10.4789333333,5.42366666667,6.5508,9.32719999999,4.19046666667,14.5572666667,6.2296
745.28,4.95573333333,6.7694,10.7412666667,5.5742,6.72186666667,9.64133333333,4.47606666667,14.8007333333,6.45926666667
745.60,4.94506666667,6.60753333333,10.5900666667,5.496,6.58273333333,9.51846666667,4.33526666667,14.7096666667,6.4226
745.91,4.9514,6.54266666667,10.6373333333,5.46473333333,6.5598,9.50960000001,4.41706666667,14.7929333333,6.39193333333
746.23,5.57753333333,6.9304,11.1362,6.05253333333,7.00593333333,9.82666666667,4.89153333333,15.1818,6.90786666667
746.55,5.9446,7.19046666667,11.4722,6.42726666667,7.34946666667,10.0898666667,5.18326666667,15.316,7.23153333333
746.86,6.13106666667,7.3146,11.5974,6.48873333333,7.4832,10.1218,5.27713333333,15.4139333333,7.33333333333
747.18,6.11186666667,7.2346,11.5862666667,6.43126666667,7.53166666667,10.0075333333,5.34193333333,15.3906,7.2646
747.49,6.20126666667,7.38346666667,11.7528666667,6.6034,7.6812,10.1536,5.48066666667,15.5784666667,7.45226666667
747.81,5.99006666667,7.36,11.667,6.4206,7.5576,10.0251333333,5.35653333333,15.5195333333,7.36746666667
748.12,5.85933333333,7.23193333333,11.5692,6.23626666667,7.31693333333,9.93633333333,5.1742,15.3432,7.30033333333
748.44,5.67093333333,7.05713333333,11.3400666667,5.93373333333,7.09806666667,9.75566666667,4.86206666667,15.2341333333,7.22
748.75,5.76306666667,7.089,11.4,5.9536,7.0574,9.761,4.84453333333,15.3222666667,7.33526666667
749.07,5.88046666667,7.28046666667,11.5605333333,6.1066,7.1896,9.95826666668,4.99593333334,15.4658666667,7.49933333333
749.38,6.02986666667,7.39946666667,11.5984666667,6.24406666667,7.3182,10.0367333333,5.1234,15.4762,7.6874
749.70,5.6076,7.06986666667,11.1630666667,5.78593333333,6.91373333333,9.73053333333,4.84206666667,15.1189333333,7.2966
750.01,5.549,7.02993333333,11.0832666667,5.672,6.79333333333,9.63206666667,4.8188,15.1290666667,7.1714
750.33,5.49926666667,7.01333333333,11.1236,5.6316,6.74493333333,9.65033333333,4.94366666667,15.0936,7.14033333333
750.64,5.34846666667,6.8932,11.0786666667,5.46073333333,6.485,9.5862,4.75273333333,14.9364,6.99806666667
750.96,5.19906666667,6.71753333333,10.9908,5.2612,6.2414,9.51913333334,4.57986666667,14.8011333334,6.78913333333
751.27,5.2762,6.6686,10.9417333333,5.38326666667,6.24706666667,9.67166666667,4.6176,14.9103333333,6.78326666667
751.59,5.50293333333,6.94253333333,11.1589333333,5.6408,6.47966666667,9.91786666667,4.85126666667,15.2695333333,6.9954
751.90,5.6392,7.03793333333,11.2613333333,5.78433333334,6.57993333333,10.0527333333,5.01133333333,15.4279333333,7.13993333333
752.22,5.54733333333,7.03286666666,11.2646,5.91926666667,6.71753333333,10.1434666667,5.04153333333,15.5229333333,7.2254
752.53,5.52373333333,7.1702,11.3322666667,5.89913333333,6.7874,10.2046666667,5.0694,15.5982666667,7.23806666667
752.85,5.5036,7.18533333333,11.4822666667,5.94253333333,6.81286666667,10.306,5.0552,15.762,7.17773333333
753.16,5.70153333333,7.37153333333,11.6881333333,6.1842,7.01833333333,10.379,5.15246666667,15.9608666667,7.35826666667
753.47,6.02426666667,7.87713333333,12.0731333333,6.63433333333,7.43493333333,10.817,5.54566666667,16.3072666667,7.841
753.79,6.29953333333,8.07606666667,12.2700666667,6.8024,7.6688,11.0728,5.65886666667,16.4218666667,8.0034
754.10,6.47486666667,8.22633333333,12.353,7.0504,7.88486666667,11.2095333333,5.72486666667,16.6062,8.10933333333
754.42,6.81053333333,8.52626666667,12.5484,7.34593333333,8.20573333333,11.4180666667,6.0488,16.8681333333,8.44553333333
754.73,6.8796,8.53326666667,12.6516,7.31733333333,8.2156,11.3758,5.94253333333,16.9095333333,8.50033333333
755.05,6.79926666667,8.40946666667,12.4716666667,7.26306666667,8.11886666667,11.2671333333,5.91806666667,16.7368,8.4446
755.36,6.7848,8.48333333334,12.5165333333,7.3436,8.17053333333,11.2390666667,5.91273333333,16.6598,8.4184
755.67,6.79253333333,8.47793333333,12.4296666667,7.33213333333,8.18453333333,11.2029333333,5.9618,16.5327333333,8.3166
755.99,6.82606666667,8.27233333333,12.3888,7.30413333333,8.17,11.0428666667,5.94066666667,16.3694666667,8.16206666667
756.30,6.85526666666,8.18066666667,12.2494,7.18693333333,8.21413333333,10.9573333333,5.91853333333,16.2748666667,8.13546666667
756.62,6.93286666667,8.20753333333,12.3092666667,7.25666666667,8.37333333333,11.167,6.07066666667,16.3264,8.23126666667
756.93,6.55553333333,7.62913333333,11.9366,6.7996,7.92646666667,10.7022666667,5.56553333333,15.9425333333,7.74206666667
757.24,6.6726,7.78673333333,12.0504,6.905,8.09453333333,10.7139333333,5.67766666667,16.207,7.9596
757.56,6.965,8.09666666667,12.3708,7.10826666667,8.2698,10.9983333333,6.07413333333,16.5950666667,8.29946666666
757.87,7.11833333333,8.23826666667,12.5732666667,7.22773333333,8.3976,11.105,6.12953333333,16.6278666667,8.3318
758.18,7.19713333333,8.30953333333,12.5495333333,7.35353333333,8.5372,11.1562,6.3264,16.5836666667,8.35313333333
758.50,7.217,8.41233333333,12.694,7.401,8.62626666667,11.2530666667,6.3084,16.6706,8.36493333333
758.81,7.2824,8.45093333333,12.631,7.43573333333,8.6064,11.2974,6.36366666667,16.7246666667,8.31126666667
759.13,7.08006666667,8.18,12.3126,7.10586666667,8.12466666666,10.9812,5.93273333333,16.4153333333,7.9506
759.44,7.03353333333,8.27866666667,12.3280666667,7.18426666667,8.13606666667,11.1006,6.00633333333,16.5299333333,8.13813333333
759.75,7.28993333333,8.68106666666,12.7357333334,7.5216,8.48513333333,11.4475333333,6.3758,16.8635333333,8.55046666667
760.07,7.0824,8.48706666667,12.6062666667,7.2458,8.17566666667,11.1662666666,6.12893333333,16.6844,8.3374
760.38,7.07986666667,8.45213333333,12.5658666667,7.1306,8.229,11.0935333333,6.17333333333,16.654,8.39753333333
760.69,7.00786666667,8.4244,12.5626666667,7.18613333333,8.158,11.1136666667,6.24693333333,16.5305333333,8.46466666667
761.01,6.4702,7.90913333333,12.0778666667,6.74713333333,7.7764,10.6578,5.76853333333,15.9939333333,8.0046
761.32,5.85706666667,7.35826666667,11.5582666667,6.25833333334,7.28013333333,10.2169333333,5.3598,15.5259333333,7.57613333333
761.63,5.8372,7.38773333333,11.5802,6.13406666667,7.1992,10.2445333333,5.3152,15.5524666667,7.59386666666
761.94,5.7662,7.26346666667,11.499,6.14186666667,7.0708,10.1374666667,5.27006666667,15.4813333333,7.5118
762.26,5.4164,6.9716,11.3158666667,5.77473333333,6.777,9.84026666666,5.0126,15.208,7.20826666667
762.57,5.4128,6.93253333333,11.3822,5.84746666667,6.96366666667,9.86706666667,5.1438,15.2595333333,7.28573333334
762.88,5.41073333333,6.90813333333,11.3654,5.80866666667,7.01153333333,9.84499999999,5.07673333333,15.2406,7.21493333334
763.20,5.25693333333,6.65473333333,11.1314,5.72726666667,6.7872,9.64560000001,4.79986666667,15.038,7.06873333333
763.51,5.2984,6.70926666667,11.1081333333,5.78926666667,6.87233333333,9.756,4.86186666667,15.0542,7.15313333333
763.82,5.47226666667,6.88426666667,11.2293333333,6.0096,6.99666666667,9.92413333333,4.954,15.2124666667,7.29166666667
764.14,5.67573333333,6.94193333333,11.4075333333,6.2042,7.15106666667,10.0794666667,5.06786666667,15.3724666667,7.3984
764.45,6.1204,7.2832,11.738,6.5784,7.60053333333,10.4885333333,5.4516,15.7232666667,7.77093333333
764.76,6.45433333333,7.53686666667,12.0034,6.819,7.92593333333,10.7425333333,5.64893333333,16.0595333333,8.032
765.07,6.59933333333,7.66773333333,12.0839333333,6.90066666667,8.0394,10.8538666667,5.76646666667,16.183,8.08573333333
765.39,6.73213333333,7.78893333333,12.159,6.96526666666,8.20846666667,10.9226666667,5.8648,16.279,8.18653333333
765.70,7.057,8.03833333333,12.505,7.4334,8.60293333333,11.2442,6.10393333333,16.5691333333,8.50966666667
766.01,7.27393333333,8.30773333333,12.7262,7.61726666667,8.74953333333,11.4674666667,6.3122,16.8588666667,8.7292
766.32,7.5986,8.62473333333,13.1117333333,7.94,8.97186666666,11.8422,6.61366666667,17.2552666667,9.10726666667
766.64,7.86473333334,9.00079999999,13.5352666667,8.22766666667,9.2154,12.2590666667,6.879,17.6553333333,9.41546666667
766.95,8.247,9.34033333333,13.8896666667,8.63746666667,9.46513333333,12.583,7.141,18.0876666667,9.79106666667
767.26,8.23173333333,9.32386666667,13.9342666667,8.69833333333,9.40693333333,12.5955333333,7.113,18.1276666667,9.81946666666
767.57,7.94913333333,9.20606666667,13.5921333333,8.334,9.08939999999,12.3912666667,6.6784,17.8989333333,9.5116
767.88,7.72446666667,9.19660000001,13.5092,8.2086,8.82773333333,12.1914,6.45933333333,17.8220666667,9.37013333333
768.20,7.81966666667,9.54559999999,13.7061333333,8.51126666667,8.97286666666,12.4024666666,6.58506666667,17.9308666666,9.58273333333
768.51,7.72866666667,9.52746666666,13.8745333333,8.84653333333,9.0244,12.4391333333,6.61593333333,18.1122666666,9.68493333334
768.82,7.6026,9.43600000001,13.8518,8.78773333333,8.97966666666,12.4466,6.59653333334,18.063,9.61233333334
769.13,7.56953333333,9.41500000001,13.8548666667,8.72386666666,8.86939999999,12.5204666667,6.63766666667,18.1494,9.76986666667
769.44,7.0424,8.94299999999,13.4764666667,8.1454,8.42913333333,12.0736,6.10713333333,17.6968666667,9.28626666667
769.76,6.2548,8.19206666667,12.8016,7.52673333333,7.6882,11.2734666667,5.3862,17.0827333333,8.64293333333
770.07,5.53146666667,7.59766666667,12.1044666667,6.7972,7.1152,10.4016666667,4.822,16.4892666667,7.924
770.38,4.84453333333,7.04553333333,11.462,6.16633333334,6.50753333333,9.72093333333,4.38466666667,15.9480666667,7.2336
770.69,4.53913333333,6.61093333333,11.074,5.65286666667,6.16266666667,9.35679999999,4.205,15.502,6.81326666667
771.00,4.491,6.57166666667,11.0715333333,5.78033333333,6.2782,9.29593333333,4.40786666667,15.5388,6.83566666667
771.32,4.3334,6.38513333333,10.982,5.49853333333,6.16126666667,9.09366666667,4.2426,15.3124,6.57886666666
771.63,4.3702,6.28293333333,10.9904666667,5.4008,6.19306666667,9.14566666667,4.4908,15.4750666667,6.5336
771.94,4.21253333333,6.15833333333,10.6703333333,5.03893333333,6.08046666667,9.00533333333,4.34986666667,15.011,6.42033333333
772.25,4.3136,6.2642,10.8749333333,5.08926666667,6.1142,9.11873333333,4.3264,15.1148666667,6.61886666667
772.56,4.62506666667,6.53693333333,11.1262,5.10866666667,6.39393333333,9.25993333333,4.5408,15.2126,6.83546666666
772.87,5.47866666667,7.3998,11.854,6.202,7.3344,10.1488666667,5.42953333333,15.932,7.88093333333
773.18,6.39693333333,8.3082,12.5078,7.12813333333,8.21706666667,10.9832666667,6.20513333333,16.5252,8.5812
773.50,7.1152,8.8998,13.2349333333,7.93706666667,8.75253333334,11.6502666667,6.76153333333,17.0138666667,9.15186666667
773.81,7.36186666667,9.15926666667,13.714,8.19926666667,9.13606666667,11.8536666667,6.81886666667,17.1036,9.3776
774.12,7.63813333333,9.44373333332,14.1105333333,8.53593333333,9.41039999999,12.0134666667,6.928,17.3669333334,9.77219999999
774.43,7.59733333333,9.3842,13.9696,8.379,9.42466666667,12.0,6.73106666667,17.215,9.83086666667
774.74,7.87326666667,9.45119999999,13.9946666667,8.59559999999,9.50226666667,12.2187333333,6.9938,17.4063333333,10.0340666667
775.05,7.69826666667,9.28166666667,13.7487333333,8.427,9.14193333334,11.9306,6.76193333333,17.0548,9.86026666667
775.36,7.754,9.36906666667,13.9712666667,8.64886666667,9.26953333333,12.0404666667,6.92393333333,17.4931333333,10.0480666667
775.67,7.75966666667,9.27593333334,13.8081333333,8.69893333333,9.26566666668,11.9364666667,7.0286,17.3154666667,10.1468666667
775.98,7.5222,9.04860000001,13.4564666667,8.72699999999,9.16153333333,11.6837333334,6.90626666667,17.1866666667,10.0343333333
776.30,7.10233333333,8.51513333333,12.8977333333,8.10693333333,8.57326666667,11.2036,6.37173333333,16.7318,9.36213333333
776.61,7.4348,8.75959999999,13.1706666667,8.18546666667,8.7806,11.4998,6.65986666667,16.9139333333,9.56579999999
776.92,7.46073333333,8.83313333333,13.1451333333,8.046,8.85753333334,11.5987333333,6.82346666667,16.9906,9.5436
777.23,7.5372,8.74313333333,13.2494,8.1944,8.77826666667,11.7286666667,6.85886666667,17.2137333333,9.5682
777.54,7.91233333333,9.1756,13.5788666667,8.5508,9.17893333334,12.1402,7.2034,17.6948,9.73686666667
777.85,8.10293333333,9.2802,13.9788666667,8.71986666667,9.17373333334,12.3794,7.46093333333,18.0,9.86873333334
778.16,8.12366666667,9.42073333333,14.1506666667,8.80239999999,9.32126666667,12.5764,7.4094,18.1344666667,9.98933333333
778.47,8.01653333334,9.30539999999,14.1102666667,8.6824,9.44159999998,12.5994,7.125,18.1955333333,9.83173333335
778.78,7.86,8.90453333333,13.8158,8.24446666667,9.06413333333,12.2524,6.67393333333,18.0014666667,9.40526666666
779.09,7.5502,8.84213333334,13.7126,8.12066666667,8.86433333333,12.1737333333,6.35366666667,18.1742666667,8.96013333333
779.40,7.41740000001,8.80306666668,13.4864666667,8.0036,8.6872,12.3212,6.22606666667,18.1998,8.78806666667
779.71,7.77959999999,9.05426666665,13.8034666667,8.1594,8.82866666667,12.5887333334,6.4826,18.4095333333,8.92273333333
780.02,7.07446666667,8.37293333334,13.3107333334,7.63693333333,8.36913333333,12.0536,5.96086666667,18.0144666667,8.48993333333
780.33,6.46666666667,7.65526666666,12.6832666666,6.93213333333,7.613,11.3868,5.12406666667,17.5226666667,7.84386666667
780.64,5.80553333333,7.24513333333,12.0272666667,6.23433333333,7.17433333333,10.8316666667,4.6964,16.9831333333,7.44173333333
780.95,5.0548,6.63486666667,11.4069333333,5.71526666667,6.56313333333,10.3522666667,4.33426666667,16.2745333333,7.06466666667
781.26,4.78313333333,6.53826666667,11.0563333333,5.48593333333,6.31326666666,9.97179999999,4.07233333333,15.8634666667,6.77093333333
781.57,4.7158,6.4328,11.0762,5.39693333334,6.0702,9.94753333334,4.13966666667,15.7396666667,6.84
781.88,4.67853333333,6.38893333333,11.1123333333,5.47053333333,5.84613333333,9.87546666665,4.26626666666,15.6561333333,6.98926666666
782.19,5.25513333333,7.11533333333,11.7118666667,6.26753333333,6.41146666667,10.6789333333,4.97933333334,16.0289333333,7.81893333333
782.50,5.40173333333,7.0252,11.7470666667,6.2504,6.46053333333,10.9352666667,5.02253333333,15.9085333333,8.07586666667
782.81,5.47613333334,7.01513333333,11.9892666667,6.27666666667,6.5172,10.9397333333,5.04873333333,15.7394,8.2472
783.12,5.53106666667,7.10006666667,12.345,6.61193333333,6.78426666667,10.9610666667,5.31233333333,16.0336666667,8.60146666667
783.43,5.36406666667,6.99553333333,12.2869333333,6.52153333333,6.63253333333,10.7966,5.24873333333,15.8701333333,8.328
783.74,5.6118,7.25593333334,12.4022,6.8204,6.82046666667,11.1594666667,5.5262,15.8573333333,8.69093333333
784.05,6.36353333333,7.8332,12.9796,7.46686666667,7.37853333333,11.9182666667,6.16546666667,16.3612,9.37026666666
784.36,6.58193333333,7.9068,13.3375333333,7.72486666667,7.44973333333,12.1481333333,6.23073333333,16.8127333333,9.52373333333
784.67,6.92733333333,8.23873333333,13.7534666667,8.07906666666,7.93613333334,12.8499333333,6.62886666667,17.4190666667,10.1765333333
784.98,7.03953333333,8.32806666667,13.6426666667,7.99733333333,8.14573333334,12.8036666667,6.62,17.5205333333,10.1589333333
785.29,6.9516,8.01866666667,13.3928,7.60186666666,7.9634,12.4999333333,6.28826666667,17.1132,9.66406666667
785.60,6.8602,7.86966666667,13.3249333333,7.33126666667,8.07153333334,12.3576,6.14926666667,17.0304666666,9.34166666667
785.91,6.6792,7.8428,13.0728666666,7.04893333333,7.96473333333,11.8252666667,6.0198,16.7568666667,9.10746666667
786.22,6.6874,8.02833333333,13.1050666667,7.0984,8.11553333333,11.6232666667,6.01486666667,17.0028666667,8.80866666667
786.53,6.48313333333,7.93966666667,12.603,6.91553333333,7.90286666667,11.5708,5.57733333333,16.6789333333,8.37633333333
786.84,6.7026,8.19386666667,12.4922,7.1092,8.0302,11.8142666667,5.82533333333,16.8102666666,8.62433333333
787.14,6.6864,8.45566666666,12.8120666667,7.3342,8.44,11.951,6.0268,17.2828666667,8.92966666667
787.45,6.35226666667,8.20080000001,12.633,7.0996,8.2992,11.6890666667,5.8292,17.2820666667,8.52726666667
787.76,6.32393333333,8.2788,12.3365333333,7.03273333333,8.3022,11.507,5.9112,17.1534,8.3332
788.07,5.71813333333,7.5842,11.6579333333,6.4218,7.51793333333,10.5889333333,5.17786666667,16.3732666667,7.4674
788.38,4.9834,6.9538,11.2468,6.11213333333,6.91093333333,9.91260000001,4.46373333333,15.9628666667,6.92253333333
788.69,5.274,7.22986666667,11.4121333333,6.4158,7.09486666667,10.1042,4.84946666667,16.4583333333,7.3226
789.00,4.5824,6.5106,10.8666,5.76113333333,6.13566666667,9.46919999999,4.13746666667,15.6632666667,6.62766666667
789.31,4.9814,6.73346666667,11.2984,6.1638,6.39966666667,10.0138666667,4.39986666667,16.2169333333,6.918
789.62,4.9014,6.50346666667,10.9264666667,5.97326666667,6.2204,10.0658666667,4.3116,16.0310666667,6.95346666667
789.92,4.66253333333,6.30666666667,10.6011333333,5.6482,5.97133333333,9.78719999999,4.08186666667,15.8896,6.8588
790.23,4.02213333333,5.74526666667,10.0235333333,5.1738,5.19933333333,9.18753333334,3.2672,15.4020666667,6.2104
790.54,4.7278,6.184,10.2072,5.73146666667,5.5178,9.65199999999,3.86926666667,15.4388,6.64533333333
790.85,4.95753333333,6.12606666667,10.0938,5.78593333333,5.41086666667,9.69246666667,3.789,15.0774,6.65793333333
791.16,4.6542,5.67606666667,9.63860000001,5.2432,4.91733333333,9.36193333333,3.08786666667,14.5114,6.31406666667
791.47,5.0022,6.25726666667,9.92720000001,5.457,5.4752,9.98186666667,3.65166666666,15.025,6.9076
791.78,5.96246666667,7.11473333333,10.3338666667,6.05846666667,5.9854,10.8276,4.51753333333,15.4641333333,7.75033333333
792.08,6.12333333333,7.44933333333,10.5109333333,6.2936,6.10493333333,11.197,4.5902,15.3913333333,8.02946666666
792.39,6.83853333334,8.11720000001,10.8740666667,6.80606666667,6.73653333333,11.5899333333,5.21626666667,16.2251333334,8.63326666667
792.70,6.89086666666,8.22246666668,10.7777333333,6.7368,6.7554,11.3338,5.42406666667,16.0616666667,8.43273333333
793.01,7.33233333334,8.69673333332,11.4955333333,7.08393333333,7.16373333333,11.6220666667,5.82753333333,16.3338666667,8.52313333333
793.32,7.59766666667,9.02700000001,12.1975333333,7.4908,7.61166666667,11.8156666667,6.25693333333,16.7364666667,8.79893333333
793.62,8.25333333333,9.57020000001,12.9446,7.9332,8.54126666667,12.3229333333,7.14226666667,17.5628666667,9.31420000001
793.93,8.04593333334,9.34700000001,12.8751333333,7.606,8.47206666666,12.3207333334,6.8408,17.6998666667,9.14546666667
794.24,8.33560000001,9.84620000001,13.2474666667,8.05953333333,8.85120000001,12.5780666667,7.12353333333,18.2498,9.64273333333
794.55,8.80733333334,10.6542666667,14.0676666667,8.98539999999,9.86213333333,13.3600666667,8.05966666667,19.2300666667,10.6008666667
794.86,8.64413333334,10.3538,14.0321333333,9.19793333334,9.61533333333,13.1003333333,7.8796,19.0288666667,10.3054666667
795.16,7.91406666666,9.64386666666,13.7846,8.70586666667,9.25020000001,12.8156666667,7.3524,18.8233333333,9.77213333333
795.47,7.50606666667,9.20299999999,13.4942,8.33226666667,8.73853333333,12.5786,7.02386666667,18.5488,9.57359999999
795.78,7.42933333333,9.22846666666,13.373,8.50080000001,8.60226666667,12.7424,6.90913333333,18.3200666667,9.65620000001
796.09,6.88013333334,8.87260000001,12.973,8.09433333333,8.06759999999,12.5106,6.29753333334,18.1410666667,9.44626666667
796.40,6.43106666666,8.48139999999,12.3948666667,7.80073333333,7.60506666667,12.1991333333,5.93726666667,18.0875333333,9.24173333334
796.70,6.1882,8.33453333333,12.1036666667,7.59666666667,7.47586666667,12.3094666667,5.8842,18.0058666667,9.29579999999
797.01,6.25806666667,8.41653333333,12.1785333333,7.7992,7.52833333333,12.5561333333,5.74726666667,18.0146666667,9.56706666667
797.32,5.7454,7.91779999999,11.9693333333,7.5114,7.05513333333,11.7253333333,5.42466666667,17.5158666667,8.93413333334
797.63,5.08906666667,7.33433333333,11.4128666667,6.98673333333,6.4702,10.9511333333,4.888,16.9226666667,8.23046666666
797.93,5.22426666667,7.337,11.5396,6.8978,6.5002,11.0032666667,4.93293333333,16.8376,7.8964
798.24,5.59666666667,7.4328,11.6374666667,6.71813333333,6.72266666667,11.2170666667,5.1904,16.8278,7.97
798.55,5.85453333333,7.40786666667,11.6667333333,6.898,6.78,11.0812666667,5.06133333333,16.728,7.96506666667
798.85,5.67093333333,7.33526666667,11.4982666667,6.7378,6.75213333333,10.8439333333,4.99766666667,16.8372666667,7.6056
799.16,5.00366666667,6.6378,11.0822666667,6.01113333333,6.39193333333,10.1468666667,4.3914,16.1291333333,6.94626666667
799.47,5.644,6.93686666667,11.4954666666,6.5992,7.17320000001,10.6609333333,4.8914,16.2758666667,7.42393333333
799.78,6.1188,7.23386666666,12.3102666667,7.11753333333,7.7914,11.1320666667,5.23153333334,16.5285333333,7.63146666667
800.08,6.34546666667,7.25973333333,12.4438,7.3486,7.8478,11.3020666667,5.34233333333,16.7729333333,7.4574
800.39,5.35906666667,6.50773333333,11.5128,6.2052,6.7538,10.3897333333,4.33326666667,15.6668,6.32313333333
800.70,5.67286666667,6.8582,11.8736,6.59946666667,7.1842,10.9577333333,4.48753333333,16.0352,6.54246666667
801.00,6.04873333333,7.1852,12.3853333333,6.82373333333,7.72966666667,11.6888,4.86526666667,16.5854,6.92846666667
801.31,4.77866666667,5.73346666667,11.1451333333,5.49206666667,6.28586666667,10.2440666667,3.22873333334,15.1892,5.90506666667
801.62,4.91686666667,6.02513333333,11.6106666667,5.91133333333,6.57406666667,10.5513333333,3.51506666667,15.7564666667,6.28066666667
801.92,5.48746666666,6.786,11.9314,6.2318,7.28033333333,11.187,4.39533333334,16.2128666667,6.74246666667
802.23,6.20533333333,7.57266666667,12.7403333333,7.18833333333,8.25366666667,11.7847333333,5.05766666667,16.6283333333,7.46293333333
802.54,6.96306666667,8.65839999999,13.509,8.14253333333,9.20166666667,12.45,5.95353333333,17.4596666667,8.12073333333
802.84,6.54506666667,8.56819999999,13.2394666667,7.88826666667,8.91646666667,12.1559333333,5.8376,17.0922666667,7.79986666667
803.15,6.2726,8.6486,12.7420666667,7.973,8.63159999999,11.847,5.87273333333,16.9369333333,7.96726666667
803.46,6.73373333332,8.99326666666,13.1653333333,8.33893333333,8.83673333333,12.0918,6.208,17.2931333333,8.83100000001
803.76,7.67566666666,9.55613333333,13.9288666667,9.34106666667,9.65539999999,12.7378666666,7.27866666667,18.0977333333,9.86499999999
804.07,7.5076,9.35539999999,13.6542,9.20046666668,9.42179999999,12.6362,7.33059999999,17.7815333333,10.0303333333
804.38,7.8778,9.76600000001,13.9499333333,9.65039999999,10.0467333333,13.0910666667,7.92733333333,18.2495333333,10.4596666667
804.68,9.22493333334,11.0892666666,15.122,10.9918666666,11.1544666666,14.5365333333,9.45799999999,19.6639333333,11.5068
804.99,8.85620000001,10.8501333333,14.5230666666,10.7522,10.823,14.0504,9.0246,19.3858666667,11.0185333333
805.30,8.59460000001,10.7934666667,14.3678,10.7609333333,10.6634666667,13.7991333333,8.6272,19.1604666667,10.8042666667
805.60,8.24446666667,10.5923333333,14.0496,10.3445333333,10.4362,13.6132666667,8.43293333333,19.0143333334,10.5923333333
805.91,8.34819999999,10.4692666667,14.3638666667,10.3499333333,10.1871333333,13.9788,8.77133333334,19.4848,11.1744666666
806.21,8.22786666667,10.3698,14.5714666667,10.5177333333,10.0028,14.1494,8.70993333334,19.644,11.2572
806.52,8.29413333334,10.0732666667,14.5809333333,10.1546,9.70440000001,14.3205333334,8.39713333333,19.3762666667,11.1202
806.83,8.16453333334,9.96740000001,14.3082666667,9.9292,9.49353333335,14.3083333333,8.02826666667,19.1504,10.7571333333
807.13,7.91033333333,9.90599999999,14.3505333333,9.50246666666,9.40846666666,14.2012,7.65053333333,19.2428,10.7517333334
807.44,7.91653333333,10.1389333333,14.2444666667,9.27233333333,9.55,14.3055333333,7.561,19.3167333333,10.2832
807.74,6.91633333333,9.11766666667,13.6284666667,8.37433333333,8.6468,13.4581333334,6.53053333333,18.4113333333,9.28793333334
808.05,6.09766666667,8.45406666667,12.9424666667,7.71260000001,8.10906666667,12.8678,5.94266666667,17.6953333333,8.62633333333
808.35,5.52753333333,8.04413333333,12.5836,7.3582,7.806,12.7462,5.59126666667,17.1985333333,8.45113333333
808.66,5.868,8.25793333333,12.9311333333,7.58946666667,8.1456,13.1203333333,6.24666666667,17.4327333333,8.99140000001
808.97,6.47726666667,8.58326666667,13.6941333333,8.3762,8.9028,13.8718,6.88546666667,17.6693333333,9.68353333334
809.27,6.15253333333,8.31099999999,13.3573333334,8.27506666667,9.0582,13.423,6.42146666667,16.8908666666,9.22579999999
809.58,6.66066666667,8.24653333333,13.1597333333,7.88153333334,9.29373333331,13.3154,6.4574,16.9358666667,9.31173333333
809.88,7.4494,9.11159999999,13.8392,8.67793333334,10.3401333333,13.5620666667,7.32306666667,17.6331333333,10.0692666667
810.19,7.67913333333,9.25886666666,14.0652,8.84413333333,10.7046,13.4004,7.88653333333,17.4808666667,10.3446666667
810.49,7.9356,9.61926666667,14.2309333333,9.5018,10.9069333333,13.7480666667,8.39993333333,17.5859333333,10.5292666666
810.80,8.85973333334,10.0966666667,14.9954,10.4030666667,11.309,14.3892666667,8.9658,18.1194,11.6963333333
811.10,10.7282,11.7829333333,16.2712,12.1468666667,12.2912666667,15.5494,10.4142666667,19.6045333333,13.5780666667
811.41,11.3028666667,12.3276,16.6414666667,12.5427333333,12.8146,15.6924666667,10.6009333333,19.8798,14.0544
811.71,12.4184666667,13.1222666667,17.4022666667,12.9942666666,13.5382,16.1803333333,11.2283333333,20.4605333333,14.4466
812.02,11.7335333333,12.1189333333,16.7416666667,12.1972666667,12.504,15.3966,10.1078,19.6604666667,13.3856
812.32,11.6262666667,11.6733333333,16.1290666667,11.7270666666,11.8480666667,14.953,9.48260000001,19.6436666667,12.7890666667
812.63,11.6801333333,11.2618,15.8434,11.687,11.8286,14.919,9.197,19.6963333333,12.4561333333
812.93,11.6086666667,11.7108666667,16.3121333333,12.2358,12.1062666667,15.2488,9.31146666667,20.2112666667,12.8832666667
813.24,10.5901333333,10.7986,15.6735333333,11.3472,11.3192666667,14.8262666667,8.5,19.368,12.0832
813.54,10.3859333333,11.0115333334,15.7942,11.3104,11.6581333333,15.1408666667,8.52286666666,19.6107333333,12.1306
813.85,10.5756666667,11.2305333333,15.8635333333,11.0859333333,11.9544666667,15.1051333333,8.74186666667,20.2000666667,12.3268666667
814.15,10.1771333333,11.0361333333,15.4464,10.5656666667,11.9564,14.9692666667,8.46606666667,20.2522666667,11.8812666667
814.46,9.1426,10.2606,14.5953333334,9.45133333334,11.4060666667,14.3279333333,7.8188,19.081,10.5418666667
814.76,8.26366666667,9.46306666667,13.9260666667,8.3822,10.1186,13.6471333333,7.00146666667,18.3472666667,9.5676
815.07,6.98406666667,8.56440000001,12.896,7.31573333333,8.60666666667,12.6209333333,6.1094,17.6718666667,8.50806666667
815.37,7.14873333334,9.24526666665,12.8091333333,7.70786666667,8.90306666667,13.0538,6.51993333334,18.1272,8.87486666666
815.68,6.2994,9.30706666667,12.5155333333,7.20726666667,8.6902,12.8828666667,6.11233333334,17.8170666667,8.67640000001
815.98,5.2016,9.10613333332,11.8541333333,6.20406666666,7.86533333333,12.5131333333,5.2436,17.3359333333,7.82333333333
816.29,4.865,8.76266666668,11.7069333333,5.97266666667,7.45886666667,12.3448666667,5.24353333333,16.9435333333,7.2134
816.59,4.84033333333,9.01379999999,11.9096,5.90966666667,7.5624,12.757,5.26393333333,17.3332666667,7.40266666667
816.89,4.62286666667,8.79866666666,11.8037333333,5.79353333333,7.24193333333,12.3384,4.934,16.8256,7.09966666667
817.20,3.46953333333,7.66353333334,10.8208666667,4.8654,6.10166666667,11.4722666667,3.88166666667,15.6596666667,5.92213333333
817.50,3.0824,7.36646666667,10.33,4.693,5.75566666667,11.0691333333,3.68306666667,15.3399333333,5.57766666667
817.81,2.76406666667,6.97033333333,9.62046666667,4.2188,5.3954,10.6008,3.17506666667,14.9778666667,5.31926666667
818.11,4.36646666667,8.18013333334,11.2132,5.94613333333,7.23126666667,11.934,4.8228,16.3484,7.09906666667
818.41,4.49193333333,7.91106666667,11.4610666667,6.25573333333,7.34593333333,12.2145333333,4.79453333333,16.3757333334,7.3002
818.72,4.0834,7.64153333333,11.3945333333,5.89213333333,6.95906666667,11.6328,4.58706666667,16.0843333333,6.9862
819.02,4.693,7.91986666667,11.6894666667,6.37753333333,7.25013333333,11.8265333333,5.07353333333,16.484,7.4328
819.33,5.53146666667,8.17439999999,12.0844,7.04353333333,7.6158,12.0617333333,5.6858,16.9664,8.01546666667
819.63,6.1922,8.85093333333,12.6431333333,7.749,8.34513333333,12.5332666667,6.2508,17.3921333333,8.75693333333
819.93,6.34713333333,8.77799999999,12.5923333333,7.7042,8.2246,12.2562666667,6.199,17.164,8.72193333333
820.24,6.48866666667,8.81106666667,12.6741333333,7.8126,8.33273333333,12.4654666667,6.2328,17.4246,8.88046666667
820.54,7.1138,9.24193333333,13.1424666667,8.3082,8.80193333334,12.9259333333,6.61553333333,17.7062666667,9.3886
820.85,7.15133333333,9.23333333333,13.1705333333,8.2142,8.75839999999,12.8108666667,6.50386666667,17.6679333333,9.41793333333
821.15,7.14546666667,9.11113333333,13.1887333333,8.12926666667,8.70800000001,12.6683333333,6.4032,17.6779333333,9.42293333333
821.45,7.19246666667,9.19213333333,13.1198666667,8.20766666667,8.65566666667,12.6872,6.37553333333,17.6924,9.47106666667
821.76,7.43773333333,9.4778,13.3266,8.41546666667,8.93000000001,12.8271333333,6.57233333333,17.9252,9.72473333333
822.06,7.50933333333,9.42386666666,13.4098666667,8.45813333333,8.99613333333,12.8303333333,6.53833333333,18.0023333333,9.81026666667
822.36,7.4782,9.34380000001,13.3865333333,8.3974,8.96633333333,12.8026666667,6.4836,17.9340666667,9.80899999999
822.67,7.5662,9.47153333333,13.4750666667,8.39413333333,9.09266666667,12.8612666667,6.5334,18.0315333333,9.86859999999
822.97,7.46073333333,9.39926666667,13.4244666667,8.25606666667,8.96399999999,12.7338666667,6.37733333333,18.0590666667,9.758
823.27,7.46426666667,9.37393333334,13.4173333333,8.287,8.92560000001,12.7386,6.3586,18.123,9.697
823.58,7.44706666667,9.29000000001,13.3240666667,8.20766666667,8.80273333333,12.5754666667,6.31346666667,18.0664,9.5698
823.88,7.23866666667,9.115,13.1408666667,8.0274,8.6944,12.3704666667,6.1454,18.0643333333,9.34999999999
824.18,7.31973333333,9.23253333333,13.2133333334,8.1112,8.82420000001,12.4957333333,6.28013333333,18.2414,9.40320000001
824.49,7.61326666667,9.49613333333,13.4451333333,8.404,9.01873333333,12.8540666667,6.55153333333,18.5132,9.62480000001
824.79,7.60993333334,9.50226666667,13.5169333333,8.3076,9.14220000001,12.9170666667,6.61793333334,18.5749333333,9.6858
825.09,7.40806666667,9.40493333333,13.3968666667,8.16373333333,9.06086666667,12.8868666667,6.54173333333,18.5376666667,9.61806666665
825.39,7.6716,9.70780000001,13.5055333333,8.38886666667,9.32860000001,13.2090666667,6.90213333333,18.7900666667,9.75366666667
825.70,7.62126666667,9.59693333333,13.4180666667,8.18693333333,9.27426666667,13.1296666667,6.7878,18.8782666667,9.56733333335
826.00,7.73273333333,9.61140000001,13.5047333333,8.47246666667,9.28033333333,13.3356,7.00006666667,19.0326,9.75686666667
826.30,7.8614,9.54053333333,13.4758666667,8.54533333333,9.36693333333,13.4520666667,7.09413333334,18.9954,9.89906666667
826.61,8.07393333333,9.64800000001,13.6910666666,8.6584,9.63146666666,13.5886,7.3036,19.2200666667,10.1706
826.91,8.23533333333,9.71246666666,13.9155333333,8.73566666667,9.78713333332,13.8024666667,7.38373333333,19.1556666667,10.3885333333
827.21,8.50266666666,9.91053333333,14.2138,8.88973333333,9.93953333333,13.967,7.56653333333,19.2066666667,10.6361333333
827.51,8.56826666667,9.79966666666,14.2606666667,8.92186666667,9.92833333332,14.0034,7.5988,19.0678,10.6849333333
827.82,8.22546666668,9.58920000001,13.9856666667,8.57473333333,9.77406666666,13.6389333333,7.211,18.6414666667,10.4391333333
828.12,7.98586666667,9.27013333333,13.6009333333,8.28606666667,9.50519999999,13.2386,6.8532,18.5077333334,10.0352666667
828.42,8.117,9.1388,13.6374666667,8.18926666667,9.4776,13.0844,6.82013333333,18.4196,9.90593333332
828.72,8.11166666667,9.22426666666,13.8161333333,8.32466666667,9.69760000001,13.1609333333,6.95193333333,18.4892,10.174
829.02,8.91826666667,10.1511333333,14.6442,9.25466666666,10.4909333334,14.0126,7.90966666667,19.1104,11.0443333333
829.33,8.9816,10.3156666667,14.8816,9.18453333334,10.6314,13.9533333333,7.89926666667,19.132,11.0372
829.63,9.28693333333,10.6177333333,15.0911333333,9.378,10.8665333333,14.1294,8.13013333333,19.262,11.1732666667
829.93,9.14759999999,10.3210666667,14.7193333333,9.27706666666,10.7185333333,14.1510666667,7.794,18.9836666667,10.9216
830.23,8.62179999999,10.053,14.1598,9.00979999999,10.3552666667,13.9228666667,7.503,18.7805333333,10.5062666667
830.54,8.51646666667,9.77493333333,14.0166666667,9.05346666667,10.2632,13.8594666667,7.38813333333,18.4865333333,10.5072
830.84,7.69486666666,9.19733333335,13.5904,8.4718,9.6602,13.3048,6.7466,18.0120666667,10.0714
831.14,8.74886666666,10.0086,14.6964666667,9.57719999999,10.4688666667,14.8404,7.95506666667,19.4018,11.0842666667
831.44,8.67493333333,9.89593333333,14.8412,9.5808,10.2841333333,15.0492,7.96626666667,19.3474,10.9142
831.74,8.9278,10.2886,15.1072,10.0184666667,10.6167333333,15.3453333333,8.53046666667,19.6822666667,11.1518
832.04,8.52926666667,9.55813333333,14.4226666667,9.22186666667,9.94473333334,14.9649333333,7.69066666667,19.0663333333,10.3765333333
832.35,7.54453333333,8.427,13.3856,8.23239999999,9.00600000001,13.8222,6.56706666667,18.2302,9.32866666667
832.65,6.89033333333,7.71813333333,12.7562,7.53466666667,8.41606666667,13.4138,6.24166666667,17.7448,9.0112
832.95,6.64146666667,7.5122,12.7023333333,7.45313333333,8.0926,13.5184666667,6.0484,17.7119333333,9.00106666667
833.25,6.7932,8.09406666666,13.1158666667,7.58,8.29566666667,13.5388666667,6.32673333333,17.8528666667,9.30393333333
833.55,7.32306666667,8.78453333334,13.8677333333,8.11286666667,8.93340000001,13.9898,6.81166666667,18.3742666667,9.76533333333
833.85,7.3284,9.16799999999,14.07,8.01266666667,8.91740000001,14.1782666667,6.96953333333,18.5904666667,9.66540000001
834.16,7.5182,9.32086666667,14.0859333333,8.09093333333,8.86573333333,14.1556666667,7.00426666667,18.6858,9.62933333333
834.46,6.82313333333,8.83433333334,13.661,7.55313333333,8.3426,13.4376666667,6.37993333334,18.0707333333,9.01313333333
834.76,6.91213333333,8.85699999999,13.8205333333,7.62179999999,8.4924,13.5136666667,6.45573333333,18.1243333333,9.2444
835.06,7.11273333333,8.86893333334,13.9079333333,7.77586666666,8.57960000001,13.9723333333,6.33313333333,18.0229333333,9.53573333333
835.36,7.01313333333,8.73780000001,14.0264666667,7.6252,8.31826666667,13.8126,6.36706666667,17.7664,9.4952
835.66,7.1972,8.8674,14.2883333333,7.797,8.22606666667,14.1267333333,6.48686666667,17.8316,9.6194
835.96,7.74873333333,9.58366666666,15.0436666667,8.5066,8.92540000001,14.7594666667,7.08546666667,18.3544,10.197
836.26,7.23826666667,9.20899999999,14.5102,7.74373333334,8.54286666667,13.9382666667,6.36133333333,17.3411333333,9.41426666667
836.57,7.01393333333,8.79993333334,14.214,7.64026666667,8.30386666668,13.9037333333,5.93493333333,16.9302666667,9.14733333334
836.87,6.25393333333,8.176,13.3874,6.91026666667,7.79013333333,12.9746,5.24533333333,15.9322,8.55506666667
837.17,6.3472,7.82866666667,13.0501333333,7.26946666667,7.88673333333,12.7234,4.902,15.3376666667,8.70006666667
837.47,7.66513333334,8.99373333334,14.4103333334,8.522,9.37113333333,13.6635333333,6.24213333333,16.5487333333,9.8112
837.77,9.14853333333,10.5702,15.6948,9.94379999999,10.9881333333,14.707,7.98393333333,18.1768,11.4056
838.07,9.98753333335,11.8062666667,16.8628,11.0222,12.0733333333,15.6612666667,9.028,19.5411333333,12.3488
838.37,10.9013333333,13.0868666667,17.8658,11.8110666666,12.8230666667,16.4031333333,10.4762,21.0119333333,13.2993333333
838.67,11.6282666667,13.8508,18.2697333333,12.2986,13.1297333333,16.7768666666,10.5682,21.8912666667,13.8167333333
838.97,11.7199333333,14.2296,18.6343333333,12.2065333333,13.6406666667,16.8417333333,10.8493333333,22.0229333333,14.1101333333
839.27,12.0206666667,14.2942666667,18.3954666667,12.0978,13.4277333333,16.8339333333,10.6479333333,21.9220666667,14.1142666667
839.57,13.088,15.5498666667,19.3824666667,13.5447333333,14.4924666667,17.9189333333,12.0557333333,23.5194666667,15.2623333333
839.87,13.6350666667,16.1006666667,19.7568,14.2892666667,14.7841333333,18.0713333333,12.9139333333,24.0588,15.5722666667
840.17,14.2906666667,16.2134666667,20.2880666667,15.2138666667,14.8920666667,19.0681333333,13.5196666667,25.3452666667,16.3574
840.47,14.8261333333,16.6836666667,21.0601333333,15.8099333334,15.1995333333,19.3894,14.2493333333,26.3105333333,17.1246666667
840.77,12.7359333333,14.8571333333,19.3765333334,14.4932666667,13.2642,18.026,12.6668,24.6666666667,15.8441333333
841.07,12.161,13.8918666667,18.4249333333,13.6264666667,12.1612,17.0146666667,11.8772666667,23.4614,14.6887333333
841.37,11.4448,13.1540666667,17.7148,12.8516666667,10.9916,16.5344666667,11.4070666667,22.3702666667,13.9280666667
841.67,10.8296666667,12.0418,17.3970666667,12.1211333333,10.2832,15.4992666667,9.98513333334,21.6492,13.214
841.97,10.5572666667,11.7770666667,17.3605333333,12.3449333333,10.305,15.3627333333,10.0945333333,21.451,13.3858666667
842.27,10.0613333333,11.0294666667,16.3272,12.4206666667,9.23773333332,14.4351333333,9.62713333333,21.1016666667,12.8436666667
842.57,9.94213333333,11.1922666667,16.2847333333,12.8936,9.43293333333,14.4213333333,9.65286666667,20.9724,12.3612
842.87,9.40139999999,10.5164,15.9271333333,12.9694666667,9.09620000001,14.2958,9.48366666667,19.9530666667,11.9014
843.17,7.77986666666,9.1156,14.6568,10.7854666667,7.6562,12.9746666667,8.23753333333,18.5034,11.0204666667
843.47,8.38253333333,10.5959333333,15.9265333333,11.2902,8.77533333333,13.5953333333,9.06346666667,18.9521333333,11.4997333333
843.77,8.82893333333,11.2682,16.0359333333,11.1711333333,9.57726666667,14.6916666667,9.702,19.2238666667,12.0582
844.07,11.4226,13.8570666667,18.5704666667,12.9228666666,12.3142,17.5371333333,11.1393333333,21.4437333333,14.3806
844.37,13.3901333333,16.3894,20.6538666667,15.5508666667,14.8258,20.4122666667,13.177,23.6105333333,17.0434
844.67,14.7659333333,17.8802,21.652,16.9882666667,16.7981333333,21.5644,14.0496666667,24.2690666667,18.3187333333
844.97,15.0754666667,18.5314,21.6269333333,18.0706,17.9123333333,21.5694666667,15.2052666667,23.8876666667,18.7473333333
845.27,17.0816666667,21.2446666667,23.9199333333,20.7582,21.0443333333,23.8483333334,18.2402666667,25.9084,20.9298
845.57,16.6594666667,21.2095333333,24.406,20.5328,22.1740666667,24.0749333333,18.3296,25.8603333333,20.6910666667
845.87,18.1465333333,21.5229333333,25.7328666667,21.4654666667,23.4626,24.5832666667,19.181,26.5374,21.8965333333
846.17,20.1399333333,22.0824666667,27.0862,22.2067333333,25.4234,25.781,20.3419333333,28.2362666667,23.5742
846.47,22.9166666667,24.0740666667,30.1851333333,25.2468666667,28.1328666667,28.7654,23.0091333333,31.1728666667,26.0338666667
846.77,23.0112666667,22.8464,29.7977333333,25.1684666667,26.9214,28.2098,22.382,31.0562666667,25.9626
847.07,21.3870666667,21.2528,28.4414,23.7138,25.3990666666,26.4279333333,20.4622666667,29.4406,24.9067333333
847.37,21.8698,20.7357333333,28.1531333333,23.8161333333,25.3486,25.5937333333,20.5976666667,29.2873333333,24.6896666667
847.67,18.5310666667,17.0460666667,25.1332,19.9516,21.9046666667,22.7118666667,17.4656666667,26.8928,21.5819333333
847.97,17.2316666667,16.4199333333,23.8345333333,18.5997333334,20.8115333333,21.3205333333,16.8336666667,26.2529333333,20.3978666667
848.26,17.6766666667,16.7676,24.1414,18.1818666667,21.0606,22.4578,17.6767333333,28.0472,21.5824666667
848.56,15.8813333333,14.2058,22.3386,15.5148666667,18.4643333334,20.9249333333,15.5148666667,27.1901333333,19.9127333333
848.86,17.7778666667,15.7195333333,23.6612666667,16.8488,19.4170666667,22.4043333333,17.2858666667,29.3262,21.4208666667
849.16,17.393,16.6853333333,23.6871333333,17.6908,19.7766,23.1843333333,18.8453333333,30.3724,22.0855333333
849.46,16.52,18.2051333333,24.0476,17.5275333333,18.7362,23.2602,19.5238666667,31.3004666667,21.9963333333
849.76,15.6308,17.9285333333,22.3918,16.7609333333,17.9284,21.5819333333,18.7382666667,30.904,21.2993333333
850.06,15.6129333333,17.6436,21.0536666667,15.7856,17.2987333333,21.6284,18.7739333333,30.3257333333,20.6513333333
850.36,17.0304666667,18.5054666667,21.5536,17.1682,18.0531333333,22.8712,19.7246666667,32.586,20.2162666667
850.65,15.3489333333,17.7131333333,20.8720666667,17.6356,16.8992,23.1588,20.0774666667,32.248,19.8062666667
850.95,17.5600666667,18.7896,22.5552,19.9617333333,18.9047333333,24.3612,21.3641333334,33.3524666667,21.0374
851.25,17.6657333333,18.3976666667,21.9782,21.0483333333,19.2484,24.5895333333,20.3957333333,33.1947333334,20.91
851.55,17.1090666667,18.0727333334,21.121,20.0,18.3283333333,22.6942666667,18.8004666667,30.6981333333,18.761
851.85,19.2684,19.3698666667,22.0527333333,22.1342666667,19.7966666667,23.5774,19.9188,31.9106666666,19.5122666667
852.15,18.505,18.6666666667,21.6565333333,21.3334,19.515,22.9091333333,19.1919333333,30.101,19.4546666667
852.45,17.0924666667,15.5142,20.3738,17.944,16.6354666666,20.8722666667,16.054,27.6427333333,16.6978666667
852.74,16.5612666667,14.0295333333,18.9029333333,16.4346666667,15.6962,19.8101333333,14.0928,25.7382666667,15.7385333333
853.04,16.8639333333,14.4340666667,19.5015333333,17.0092666667,16.6147333334,20.789,14.5170666667,26.1474666667,16.0540666667
853.34,15.4451333333,13.9544,19.2339333333,16.1697333333,16.9564666667,19.2959333333,13.9336666667,24.9895333333,16.1490666667
853.64,15.8360666667,13.6066666667,19.0536666666,15.6256666667,16.7612666667,19.1377333333,14.9316,24.4584,17.0768
853.94,15.1938,12.2259333333,16.6334666667,12.3366,15.5481333333,16.1462,11.9823333333,22.2147333334,14.5956666667
854.23,17.0344666667,14.3506666667,18.4630666667,14.4156,17.8788,17.4026666667,14.4371333333,24.1992,16.8831333333
854.53,18.5728666667,15.5484666667,20.5538,15.2715333333,17.9978666667,19.0202,16.9755333333,25.9212,18.1894
854.83,19.3485333333,15.4397333333,22.3018666667,17.872,19.2182,21.3028666667,19.1531333333,28.2301333333,19.4354666667
855.13,16.9092666667,14.393,21.2804666667,16.5783333334,18.3004,19.6247333333,17.8807333333,27.5056,18.4326666667
855.43,18.2961333333,16.3578666667,21.8318,18.4024666667,19.4674,20.8946,19.0841333333,29.1374666667,19.8722
855.72,17.2050666667,16.7909333333,21.5114,18.2608,19.4823333333,20.2069333333,19.7515333333,29.0684,19.9791333333
856.02,18.8957333334,16.9325333334,23.0469333333,19.9180666666,20.6339333333,21.1247333333,21.5337333333,30.6134666667,21.4110666667
856.32,22.2764,19.7560666667,26.0162666667,22.6219333334,23.3332666667,24.1462666667,25.1016,32.6218666667,24.1259333333
856.62,24.9013333333,22.4300666667,28.1204666667,24.7559333333,25.0052666667,26.3966,27.0405333334,35.2232,25.4207333333
856.91,21.6277333333,19.71,26.9566,22.029,23.456,22.854,24.4146666667,32.7536,22.854
857.21,19.9328,18.9484666667,26.9574666667,21.9015333333,23.1766666667,22.7517333333,24.7874666667,32.9529333333,22.6844
857.51,16.0045333333,16.6209333333,25.137,20.0914,20.5477333333,20.5935333333,22.5798,30.2054666667,20.2283333333
857.81,10.5555333333,12.7294666667,21.3527333333,15.3624,16.5458666667,16.3284666667,18.6231333333,26.256,16.0628
858.10,7.26413333334,10.1316,18.2078,11.8279333333,12.8554,13.5244,15.3167333333,22.7957333333,13.1183333333
858.40,9.07273333335,11.6337333333,18.1016666667,12.2075333333,12.2958,14.6358,15.7395333333,22.6931333333,13.4217333333
858.70,7.7662,9.18673333333,17.1820666667,9.69060000001,10.6987333333,13.1730666667,14.1809333333,21.6723333333,10.8822
858.99,8.8308,10.5223333333,18.1592,12.0149333333,11.5919333333,14.9503333333,13.6319333333,23.8307333333,12.2635333333
859.29,7.79013333333,11.9169333333,17.6066666667,13.2112,12.1857333333,15.7998,13.6264,23.4432,12.4787333334
859.59,0.645999999998,7.20926666666,13.1266,8.9924,6.87340000001,11.1369333333,7.41613333333,19.3023333334,7.67446666667
859.89,-3.8408,1.67359999999,11.0013333333,5.67906666667,3.37453333333,7.65433333333,4.19753333333,15.1439333333,4.41693333333
860.18,1.86466666667,7.48393333333,15.7854,12.567,8.1992,14.5849333333,9.55300000001,20.1022666667,10.1404666667
860.48,2.71126666667,7.33826666668,16.1692,12.4376666667,7.11433333333,14.4526666667,9.62686666665,18.7064,10.7462666667
860.78,7.316,10.1872666667,18.9512666667,15.7054,9.58806666666,17.5031333333,12.9587333333,22.6467333333,14.0323333333
861.07,7.84166666667,9.14439999999,18.1609333333,15.9898,8.86346666667,16.8070666667,11.6987333333,23.0394666667,13.359
861.37,8.57540000001,9.01786666667,18.2018666667,16.3762666667,8.9074,16.9848666667,10.5670666667,23.6515333333,13.9418666667
861.67,8.40573333333,8.43473333333,19.5941333333,16.5507333333,9.39133333333,17.4203333333,9.33319999999,23.1595333333,15.1883333334
861.96,10.5118,11.9503333333,22.8492666666,20.0554,11.2032,20.249,13.1674666667,23.6238666667,18.4785333333
862.26,11.2581333333,12.3217333334,23.3204,18.9362666667,11.4137333333,19.144,14.1116,22.3347333334,19.2218666667
862.56,11.8372666667,12.0998666667,23.7533333333,16.9291333333,11.1286,18.8714666667,14.5932,21.1810666667,18.0839333333
862.85,14.9876666666,13.7532,24.1975333333,16.6913333333,12.8888666667,19.2839333333,16.0246,21.8026,19.2594
863.15,17.5292,16.4104,24.4754666667,18.8344666667,15.2215333333,20.3962666667,18.5781333333,23.986,21.6317333333
863.45,17.2391333333,16.0943333333,23.9730666667,17.4635333333,14.4332,19.5735333333,18.5184666667,24.1302,20.3368
863.74,20.0,19.8222666667,26.6445333333,20.4445333333,18.3110666667,23.1333333333,20.7778,27.7777333333,22.8443333333
864.04,16.1970666667,17.1362,22.5587333333,16.9013333333,14.6008666667,19.8826,16.6666,23.8733333333,18.6384666667
864.33,19.8406666666,20.5005333333,26.0749333333,20.7282666666,20.2730666667,23.2765333333,20.7054,26.2571333333,22.8896
864.63,20.6666,22.3870666667,27.9354666667,22.3226666667,23.2902666667,24.7312666667,22.2794,27.0754,24.5161333333
864.93,20.7982666667,22.9125333333,29.0182,23.3656666667,25.4153333333,26.1488,23.7971333334,29.191,24.1854666667
865.22,22.8387333333,24.6021333333,30.0215333333,24.4301333333,28.5161333333,28.0431333333,25.2042666667,32.0215333333,25.8709333333
865.52,22.063,23.8003333333,27.8610666667,24.0824,27.2964666667,27.1226666667,24.4518,31.2269333333,24.6905333333
865.81,24.8405333333,25.8526,30.0549333333,27.2386666667,29.7909333333,28.5366666667,26.4246666667,34.4774666667,27.7887333333
866.11,25.7044666667,27.2621333333,31.5464666667,29.622,31.2486,30.7902666666,28.4307333333,36.1741333333,29.9426666667
866.41,26.0118,28.7484666667,32.9825333333,31.0878,32.0702,33.3099333333,29.076,37.7544666667,30.1286
866.70,26.2990666666,29.7549333333,32.8676,32.1569333333,33.848,33.701,28.8970666667,39.0441333333,30.8823333333
867.00,24.1282,28.1026666667,31.795,30.1281333333,32.4358666667,31.4358,27.0511333333,37.7693333333,29.1796
867.29,25.8954,28.2836,33.4329333333,29.9006,34.0796,33.5323333333,28.5574,38.3831333333,30.3980666667
867.59,22.2138,25.3626,29.1756,26.5434,28.413,31.0206,24.354,34.9813333333,25.7808666667
867.88,20.7379333333,23.2316,26.4886,24.5802,25.5724,29.1094666667,22.3155333334,34.2239333333,22.29
868.18,20.366,23.268,25.8302,24.2876,24.2877333333,27.9476666667,22.5621333333,33.2548666667,22.6666
868.48,17.2222666667,18.8888666667,23.0278666667,20.5556,19.9167333333,24.0556,18.4444666667,30.3611333333,18.6111333333
868.77,17.4853333333,19.6198,24.9123333333,20.1756,22.8654666667,24.9122,19.1520666667,32.2806666667,18.8888666667
869.07,14.4444666667,17.6576,23.1533333333,17.0271333333,22.012,23.2132666667,15.4654666667,30.5406,15.916
869.36,14.6606666667,17.5566666667,23.2880666667,16.3801333333,22.7753333334,21.6892666667,14.359,31.4329333333,14.4193333333
869.66,16.0568,18.0992666666,21.8722666667,16.8795333333,24.2269333333,21.5886,14.4398,31.2338666667,15.8297333333
869.95,18.1030666667,19.2141333333,23.8482,17.7779333333,26.2601333333,23.2792,16.8836,32.1138,17.805
870.25,20.8584,21.6665333333,25.707,20.7576666667,27.5000666667,25.1009333333,19.8991333333,33.5101333333,19.899
870.54,22.7672666667,24.3018666667,27.7484666667,23.673,29.2328666667,26.3144666667,21.0313333333,35.7986666667,23.3459333333
870.84,28.9559333333,30.063,34.8176666667,28.9308666667,36.6289333333,32.8301333333,27.2957333333,42.2389333333,30.415
871.13,31.6048666667,32.4198,37.9752666667,31.3579333333,39.4322,34.6913333333,29.9506,43.7777333333,34.1728
871.43,30.594,32.2181333333,36.8,31.0061333333,39.3941333333,34.1576666667,30.0605333333,42.0362666667,33.2364
871.72,29.3333333333,31.954,36.0918666667,31.3793333333,38.7816666667,33.4252,30.3448,40.6436,33.3563333333
872.02,29.5112,31.4888666667,36.1556,31.0444,37.6444666667,34.1110666667,30.8,40.1111333333,32.9333333333
872.31,30.0428,30.8547333333,36.7948666667,30.9614666667,36.6452,34.9786,31.9444666667,39.2307333333,33.3974666667
872.61,29.6274,30.6923333333,35.7188666667,30.4366666667,35.4845333333,35.8253333333,31.3738,38.3600666667,34.2279333333
872.90,28.817,29.6774,35.5483333333,28.9462666667,34.0644666667,35.3333333333,30.6022666667,36.5591333334,33.3333333333
873.20,29.7534666667,30.2679333333,36.0342666667,29.6676,33.7836,36.613,30.3108,36.0984666666,33.9336
873.49,31.1599333333,30.3029333333,37.7846666667,29.9476,34.6291333333,38.0773333333,31.536,36.3845333333,35.0681333333
873.79,31.3354,30.1733333333,38.4505333333,30.0510666667,35.4128,38.6951333333,32.4159333333,36.9826,34.7400666667
874.08,28.8344,27.4028666667,35.8078,27.1985333333,32.4949333334,34.9285333333,29.9387333333,34.5399333333,31.8814
874.37,25.2201333333,23.7106,31.8656,22.3689333333,28.0084,31.5096666667,26.6248,32.369,28.3018666667
874.67,27.9114,24.7046,33.5866,23.2912,29.0083333333,33.1012,27.0674666667,34.9368,31.3502666667
874.96,35.5,29.3333333333,46.5,29.6666666667,32.3333333333,38.1666666667,35.8333333333,37.6666666667,35.1666666666
875.26,36.4444,32.0,44.4444666667,36.889,44.4444,45.5556,36.6666,47.1111333333,38.0000666667
875.55,16.0,15.4666666667,22.4,13.0666666667,22.4,16.8,14.4,29.0666666667,15.7333333333
875.85,-28.0,-37.3333333333,-26.6666,-54.2222,-41.3334666667,-32.4444,-31.1111333333,6.66666800003e-05,-30.2222666667
876.14,45.2174,39.7101333333,45.7972,39.7100666667,42.8985333333,43.4782666667,36.5218666667,55.3623333333,61.4493333333
